D_fake_x	Loss_D
x:generated  Loss function
---------------------
0.49393055	1.3872188
0.49398765	1.3871528
0.49403754	1.3871548
0.4940846	1.3870447
0.49414682	1.3871249
0.49419162	1.3870032
0.49424985	1.3869898
0.49430016	1.3869827
0.49434257	1.3869288
0.4943892	1.3868713
0.4944385	1.3868564
0.49448806	1.386853
0.49453422	1.3867848
0.49456897	1.3867269
0.49460146	1.386668
0.4946329	1.3866025
0.49466825	1.3865271
0.49468645	1.3864506
0.49471343	1.3863782
0.4947141	1.38624
0.49478048	1.3862494
0.49480826	1.3862238
0.49484473	1.3861333
0.49487972	1.3860712
0.49494144	1.3861512
0.49495488	1.3859758
0.4949849	1.3858877
0.49503157	1.3858778
0.49506307	1.3857796
0.49510875	1.3858135
0.49513677	1.385705
0.4952003	1.3857033
0.49522704	1.3856475
0.4952795	1.3856328
0.49532065	1.3856161
0.49536067	1.3855829
0.4953733	1.3854005
0.49541515	1.385381
0.49547863	1.3854117
0.49549866	1.3853562
0.49555087	1.3853741
0.49558654	1.3853079
0.49562174	1.3852992
0.49565578	1.3852446
0.49569172	1.3852239
0.49571744	1.3850229
0.49575964	1.3850721
0.4957955	1.3849691
0.49582538	1.3849131
0.4958629	1.3848673
0.4958978	1.3849906
0.4959328	1.3847723
0.49596682	1.3848782
0.49600562	1.3847978
0.49603966	1.3848057
0.4960792	1.3846473
0.4961036	1.385241
0.49616593	1.3846741
0.4962035	1.3843987
0.49627396	1.384752
0.4962981	1.3845267
0.4963329	1.3851349
0.49639884	1.384649
0.4965053	1.3848584
0.49650106	1.3843393
0.49654317	1.3844652
0.49664846	1.3849125
0.4966945	1.3847163
0.49673444	1.3847244
0.49686185	1.3849375
0.49691254	1.3845537
0.4971295	1.3853052
0.49720058	1.3852491
0.49709162	1.3844953
0.49738637	1.3855612
0.4974483	1.3854891
0.49760032	1.3857511
0.49773034	1.3858773
0.4978576	1.386208
0.49813315	1.3865504
0.49823612	1.3865113
0.498227	1.3864151
0.49876204	1.3874397
0.49886337	1.3877769
0.49899662	1.3878186
0.49886787	1.3873624
0.49984664	1.3894459
0.4998578	1.3893943
0.5002694	1.3903191
0.49964133	1.3887165
0.500638	1.3908598
0.5006408	1.3909423
0.5005037	1.3904612
0.50065714	1.3907626
0.49993575	1.3894577
0.5003818	1.3908691
0.5012966	1.3920395
0.50039375	1.3908298
0.5005194	1.3899283
0.500367	1.3900836
0.5006232	1.3904909
0.50053906	1.3903793
0.5004397	1.3901668
0.500088	1.3898721
0.5001106	1.3894258
0.4999417	1.3891177
0.49975002	1.3886701
0.499538	1.388128
0.49944428	1.38785
0.49918795	1.3873651
0.4989372	1.3870066
0.49919662	1.3871984
0.49841705	1.3857555
0.49819753	1.3853513
0.49870566	1.3861418
0.49814102	1.3855286
0.497474	1.3837619
0.49760264	1.3838727
0.49770224	1.3840888
0.49758515	1.3837246
0.49741143	1.3834965
0.49743864	1.3833659
0.49737975	1.3832984
0.4973668	1.3831513
0.49733174	1.3834522
0.49762854	1.3836565
0.4970439	1.3824307
0.4963663	1.3811209
0.49721113	1.382679
0.49623168	1.3807938
0.49786907	1.3839049
0.49572325	1.3796738
0.49639636	1.3809493
0.49641973	1.3809569
0.49816746	1.384305
0.4978338	1.3836027
0.49868396	1.3852563
0.49667597	1.3812363
0.4991024	1.3859584
0.49933973	1.386545
0.4993723	1.3864338
0.49936655	1.3863642
0.499372	1.3863559
0.49941525	1.3863724
0.49888977	1.3853126
0.49940252	1.3862739
0.4974194	1.3822734
0.49941906	1.3863187
0.4992545	1.3858936
0.4994627	1.3862507
0.4994615	1.3862419
0.49945784	1.386192
0.49948555	1.3862724
0.49950737	1.3862123
0.4995561	1.3862836
0.49957722	1.3862976
0.49960774	1.3863322
0.49956492	1.3862016
0.4995627	1.3861756
0.4995833	1.3861909
0.4995793	1.3861567
0.49958703	1.3861442
0.49960396	1.3862219
0.49961144	1.3861339
0.49967405	1.386272
0.49968168	1.3862543
0.49969	1.3862355
0.49962512	1.3861673
0.49971122	1.3862501
0.4997144	1.3862462
0.49964252	1.3861265
0.49974132	1.3862398
0.49966246	1.3860698
0.49966934	1.3860408
0.4996812	1.3860536
0.49972746	1.3861492
0.49981135	1.3863094
0.49970132	1.3860399
0.4998004	1.3862436
0.4997638	1.3861713
0.4998063	1.3862281
0.4996922	1.3859962
0.4998086	1.3862045
0.49981683	1.3862035
0.4998364	1.3862453
0.49970317	1.3859301
0.49968377	1.3861644
0.499839	1.3863021
0.4998458	1.386221
0.49992228	1.3863423
0.4997716	1.3863232
0.49988583	1.3862815
0.49976194	1.3860257
0.49991894	1.3862722
0.49979165	1.3859999
0.49990198	1.3863068
0.49992627	1.3864022
0.49992967	1.3863006
0.49979052	1.3860269
0.49993706	1.3863027
0.49998498	1.3864183
0.49982506	1.3859854
0.4999777	1.3863214
0.49988624	1.386112
0.49940324	1.3851776
0.4998757	1.3860624
0.49990097	1.386121
0.49999464	1.3863093
0.49999946	1.3863332
0.49988762	1.386165
0.50000346	1.386379
0.4999141	1.3861878
0.49981087	1.385957
0.49986693	1.3859985
0.4998887	1.3861328
0.49999285	1.3863554
0.4998707	1.3860328
0.49991158	1.3861351
0.5000056	1.3863873
0.49983948	1.3863165
0.4998907	1.3861237
0.4999174	1.3861058
0.4998757	1.3860751
0.49989912	1.386184
0.4999721	1.3863866
0.4998767	1.3860517
0.4999197	1.3861437
0.49992096	1.386311
0.49997777	1.3863597
0.49995482	1.3862383
0.49983114	1.3863492
0.499933	1.3861711
0.49991858	1.3862199
0.49997568	1.3863597
0.49994314	1.3863323
0.4999715	1.3863674
0.50001854	1.3864318
0.49998522	1.3862678
0.49996048	1.3863156
0.5000236	1.3863939
0.50002503	1.3863226
0.500035	1.386342
0.49999058	1.3863266
0.5000205	1.3862542
0.50000995	1.3863276
0.49981207	1.3859475
0.5000319	1.3862616
0.5000008	1.3862898
0.49999708	1.3862062
0.5000616	1.3863938
0.5000533	1.3862684
0.5000485	1.3863193
0.50006866	1.3862696
0.50001633	1.3861321
0.5000888	1.3862503
0.5000566	1.3862554
0.5001216	1.3865365
0.50010616	1.3863736
0.5001239	1.3865455
0.50005424	1.3865169
0.49999762	1.3860394
0.49991128	1.3858807
0.5000442	1.386331
0.5000453	1.3861955
0.5000971	1.3862629
0.49999666	1.3860525
0.5000845	1.3863755
0.50009525	1.386282
0.5000727	1.3862443
0.50008285	1.3863385
0.49993128	1.3862714
0.5001046	1.3863053
0.49988785	1.385915
0.49996763	1.3860728
0.4999709	1.3861915
0.5000862	1.3862793
0.50008523	1.3863528
0.50003725	1.3862507
0.49991313	1.385991
0.5000143	1.3865159
0.5000741	1.3863164
0.5000626	1.3864363
0.5000227	1.386545
0.500049	1.3862416
0.5000531	1.3864198
0.500002	1.3862593
0.5000184	1.386254
0.4999848	1.3862339
0.50005174	1.386348
0.4999098	1.3861011
0.49984127	1.3860316
0.49999964	1.3862368
0.49998045	1.3863208
0.49996734	1.3861698
0.500056	1.3863374
0.50004417	1.3866609
0.50006676	1.3866463
0.50000805	1.3862733
0.5000638	1.3863047
0.5000089	1.3862222
0.5000411	1.3862714
0.50001454	1.3862122
0.49992132	1.3860357
0.49999166	1.3861748
0.5000513	1.3863256
0.5000392	1.3862349
0.5000362	1.3863734
0.50005496	1.386284
0.49993324	1.3862762
0.500044	1.3862263
0.50006914	1.3864346
0.5000732	1.3865047
0.5000629	1.386262
0.500088	1.386447
0.50008774	1.3864317
0.5000644	1.3862362
0.5000874	1.3865523
0.49998772	1.3860738
0.5000969	1.3864207
0.5000664	1.3862365
0.5000713	1.3864963
0.50005496	1.3862947
0.4999683	1.3862433
0.5000391	1.3865843
0.50003797	1.3862715
0.49996245	1.3862047
0.5000156	1.3863964
0.4999801	1.3863308
0.50000334	1.3862364
0.4999802	1.3862166
0.49994636	1.386353
0.49995542	1.3862405
0.49998617	1.386332
0.49999332	1.3863034
0.49973348	1.3858182
0.49993956	1.3862889
0.49994206	1.3862844
0.49999732	1.3863039
0.499834	1.3863472
0.49994433	1.3862022
0.4999364	1.3861798
0.4999413	1.3867235
0.49997097	1.386371
0.49995017	1.3866322
0.49995756	1.3862191
0.49984586	1.3859899
0.49998033	1.386371
0.4999773	1.3862987
0.49999332	1.3862661
0.5000014	1.3863804
0.49992073	1.3863406
0.50000376	1.3863064
0.49987248	1.3860805
0.5000243	1.3863314
0.50003844	1.3869145
0.49999464	1.3862145
0.50000864	1.3863001
0.49993575	1.3860838
0.5000251	1.3865206
0.5000177	1.3863144
0.49999082	1.3861904
0.5000249	1.3862882
0.5000228	1.3862864
0.5000186	1.3863575
0.49998927	1.3862891
0.4999392	1.3861623
0.50001526	1.386565
0.49999952	1.3863147
0.49990538	1.3864157
0.49997407	1.3862563
0.50000274	1.3862786
0.49997616	1.3862573
0.499964	1.386347
0.49987498	1.3863733
0.49998415	1.3862576
0.49999642	1.3863044
0.5000114	1.3863354
0.5000106	1.3862785
0.50002676	1.3863328
0.50001943	1.3863097
0.4999919	1.3862649
0.50003844	1.3863516
0.5000385	1.3863943
0.5000239	1.3862376
0.50001335	1.3862906
0.5000246	1.3862523
0.50003344	1.3863058
0.50002664	1.3864316
0.5000113	1.3862151
0.49992704	1.3860967
0.500013	1.386262
0.50001806	1.3862869
0.49997908	1.3864522
0.5000242	1.3863568
0.50003254	1.3862857
0.50003487	1.3863155
0.5000303	1.3863178
0.50002664	1.3863535
0.5000163	1.3862784
0.4999036	1.386411
0.4999814	1.3866003
0.49991667	1.3861527
0.49997056	1.3863195
0.49995232	1.3865557
0.4999783	1.3863235
0.4999647	1.3863008
0.4999352	1.3862637
0.49997473	1.3862597
0.49999267	1.3866692
0.49995947	1.3862388
0.5000071	1.3863311
0.49987045	1.3860207
0.5000143	1.3863225
0.5000087	1.3862733
0.4999959	1.3862894
0.49998623	1.3862984
0.49998796	1.3862396
0.49995542	1.3861492
0.5000207	1.3863319
0.49992323	1.3862056
0.49997604	1.3862349
0.49995935	1.3862565
0.49997568	1.3862454
0.49994648	1.3864614
0.5000027	1.3863162
0.499909	1.3860939
0.49996078	1.3862836
0.49994838	1.3865287
0.49998438	1.386275
0.49998528	1.3863059
0.4999857	1.3863156
0.50000936	1.3863382
0.500011	1.3863428
0.4999975	1.3866377
0.49999273	1.3863432
0.49998707	1.3862447
0.5000025	1.3862876
0.5000054	1.386318
0.5000107	1.3865256
0.49999648	1.386238
0.5000218	1.3863411
0.50002325	1.3862745
0.50001156	1.3863416
0.5000225	1.3862724
0.50000495	1.3862972
0.49999815	1.3863084
0.49996817	1.3862762
0.49984342	1.3860741
0.49999243	1.386616
0.5000031	1.3862869
0.50000906	1.3863872
0.49999666	1.3863406
0.4999653	1.3862138
0.49997306	1.3863353
0.49999213	1.3863457
0.4998738	1.3861516
0.49995744	1.386302
0.49996054	1.3863399
0.4999528	1.3862352
0.4999647	1.386284
0.49991027	1.3862169
0.49997407	1.3863062
0.49994004	1.3862731
0.4999702	1.3866122
0.4999833	1.3864355
0.49996448	1.3862667
0.4999488	1.3862522
0.49998593	1.3862883
0.49997795	1.3863132
0.4999882	1.3863623
0.5000046	1.3863692
0.5000174	1.3863585
0.5000134	1.3863295
0.50001216	1.3863273
0.49991775	1.3860818
0.50001097	1.3863484
0.4999907	1.3862958
0.49993217	1.3864164
0.50001657	1.3863564
0.5000216	1.386293
0.50002015	1.3863411
0.5000153	1.386605
0.49994153	1.3862008
0.50003344	1.3864087
0.5000322	1.3865936
0.5000365	1.3864633
0.500005	1.3863528
0.49994683	1.3864005
0.500004	1.3862607
0.50003225	1.3864217
0.5000243	1.3863139
0.5000278	1.3865731
0.50002635	1.3864077
0.50002694	1.386456
0.50002056	1.3863205
0.5000194	1.3863336
0.4999988	1.3863426
0.5000061	1.3863087
0.49998623	1.3863188
0.49998307	1.3863696
0.49998403	1.3863652
0.49997687	1.3862803
0.49998963	1.3863037
0.49998963	1.386327
0.4999895	1.3865204
0.4999795	1.3863606
0.49998832	1.3863959
0.49995887	1.3864874
0.49998975	1.386294
0.4999951	1.3863535
0.49999213	1.3862895
0.49998426	1.386308
0.4999764	1.3862647
0.49998236	1.3862991
0.49995023	1.3862263
0.49997938	1.3863175
0.49998063	1.3862871
0.49999398	1.3863331
0.4998831	1.3861477
0.49999535	1.3862518
0.49997973	1.3862565
0.499972	1.3862159
0.5000193	1.3863198
0.49997318	1.3862112
0.49998748	1.3862803
0.49998868	1.3862487
0.4999783	1.3863091
0.49999845	1.3862833
0.4999789	1.3862448
0.49997544	1.3865021
0.5000165	1.3863235
0.4999925	1.386292
0.50001144	1.3863117
0.5000109	1.386449
0.5000006	1.3862766
0.49999177	1.3862852
0.49999398	1.3862592
0.5000033	1.3862985
0.50000525	1.386337
0.5000063	1.3862834
0.5000081	1.3863199
0.5000256	1.3863498
0.50002134	1.3862833
0.50002444	1.3863189
0.50003207	1.3863271
0.5000275	1.3864075
0.5000308	1.3862882
0.5000245	1.3863641
0.50000083	1.3862134
0.50002974	1.3862818
0.50001234	1.3862674
0.50004554	1.3864677
0.5000214	1.3864708
0.5000164	1.3862756
0.500013	1.3864522
0.50000376	1.3862966
0.5000022	1.3863078
0.500003	1.386369
0.49998057	1.3862703
0.4999938	1.3862963
0.4999876	1.3865564
0.49996662	1.3863229
0.4999795	1.3865812
0.49995124	1.3863323
0.4999808	1.3863878
0.4999795	1.3863652
0.49997425	1.386595
0.49997437	1.3863218
0.49996197	1.3863245
0.49997276	1.3863279
0.49992734	1.3862609
0.49995053	1.3862997
0.49995202	1.3863444
0.4999535	1.3862991
0.4999646	1.3863721
0.49990728	1.3862116
0.4999687	1.3863479
0.49997157	1.3865098
0.49997306	1.3863094
0.49996603	1.3863199
0.49996537	1.3863457
0.4999043	1.386313
0.49974966	1.3859017
0.49997157	1.386328
0.4999761	1.3863562
0.49997663	1.3865592
0.4999807	1.3862958
0.4999504	1.386256
0.499977	1.3863177
0.4998984	1.3861765
0.4999838	1.3864686
0.49978164	1.3860142
0.49998724	1.3863589
0.49998206	1.3863411
0.4999895	1.3863153
0.49998462	1.3863002
0.49998498	1.3862925
0.49998665	1.3862755
0.49999678	1.386318
0.49997914	1.3863243
0.4999988	1.3863385
0.49999595	1.3863132
0.49999356	1.3862909
0.50000685	1.3863393
0.5000014	1.3864132
0.49991038	1.3861191
0.50001055	1.3864125
0.50000656	1.3863994
0.50000757	1.3863195
0.50000167	1.3863246
0.50000685	1.3863581
0.49989972	1.3862674
0.49995136	1.3863745
0.4999931	1.3863306
0.4999876	1.3863434
0.49997127	1.3862774
0.49997473	1.3862903
0.49995923	1.3862774
0.4999646	1.3863091
0.49996	1.3864462
0.4999526	1.3862833
0.49994653	1.3862766
0.49995923	1.3862727
0.49995327	1.3862633
0.4999482	1.3862998
0.49995506	1.3862667
0.49995673	1.3864205
0.49994397	1.3864329
0.4999686	1.3862973
0.4999668	1.3863922
0.49996006	1.3863161
0.4999674	1.3863004
0.49994463	1.3862902
0.49994957	1.3863001
0.49981666	1.3860693
0.49993777	1.3863152
0.49992812	1.3863022
0.49995828	1.3863454
0.49995095	1.386294
0.49994284	1.3862804
0.4999568	1.3863646
0.49994475	1.3863
0.4999442	1.3862774
0.49994975	1.386249
0.49993968	1.3862609
0.49995446	1.3862766
0.49995083	1.3862957
0.49992085	1.3863797
0.49995464	1.3863043
0.49995875	1.3862678
0.49996024	1.3862721
0.49996555	1.3863367
0.49995857	1.3862823
0.49997014	1.3863443
0.49997127	1.3863448
0.49997187	1.3863391
0.49997437	1.3863459
0.49998045	1.3863049
0.49997783	1.3863454
0.49995983	1.3862996
0.4999851	1.3863118
0.49998808	1.386327
0.4999885	1.386314
0.49999106	1.3862945
0.49998438	1.3864651
0.49999493	1.3863183
0.4999686	1.3863167
0.49999106	1.3863953
0.49998713	1.3864722
0.4999578	1.3862647
0.49997997	1.386311
0.49997854	1.3862922
0.49997908	1.3863014
0.4999572	1.3862717
0.49997163	1.3862892
0.49996567	1.3863099
0.4999643	1.3863485
0.49996364	1.3862942
0.49995786	1.3862889
0.49995005	1.3863364
0.4999529	1.3863435
0.4999361	1.3862996
0.49991834	1.3862865
0.49993646	1.3863043
0.4999358	1.3863478
0.49991336	1.3863199
0.49993658	1.3863103
0.49991965	1.3862855
0.49993742	1.3863685
0.49993706	1.3863144
0.49993753	1.3863342
0.49993873	1.3863463
0.49993604	1.3863372
0.4999323	1.3862913
0.49994445	1.3863099
0.49994576	1.3863149
0.49994332	1.3863125
0.49993563	1.3863046
0.49994034	1.3863062
0.4999482	1.3863008
0.49995798	1.3863207
0.4999603	1.3862951
0.49996328	1.386319
0.4999684	1.3862929
0.49997336	1.3863276
0.49997365	1.3863221
0.49996078	1.3862958
0.49997526	1.3863012
0.49998343	1.3863249
0.4999885	1.3863196
0.49999303	1.3863211
0.49998277	1.3863028
0.4999981	1.3863156
0.5000009	1.3863176
0.4999981	1.3863163
0.4999922	1.3863043
0.49999344	1.3865336
0.49998903	1.3862944
0.49998987	1.3864224
0.49998593	1.3862839
0.4999833	1.386319
0.49998206	1.3862902
0.4999783	1.3862865
0.49997878	1.3863007
0.49997938	1.386338
0.4999749	1.386328
0.49997413	1.3863187
0.49997127	1.3862927
0.49997157	1.3863293
0.49996567	1.3862904
0.49996448	1.3863261
0.49996293	1.3863193
0.49996018	1.3863064
0.49992812	1.3862319
0.4999615	1.3863232
0.49996364	1.3863015
0.4999628	1.3863182
0.4999565	1.3862882
0.499969	1.3862882
0.49997377	1.386298
0.49996698	1.386293
0.49996912	1.386298
0.49997914	1.3863026
0.49997663	1.3862909
0.49998462	1.3863039
0.4999832	1.386461
0.4999752	1.3863027
0.4999733	1.3862903
0.49997258	1.3862904
0.49998313	1.386325
0.49997032	1.3863066
0.49997628	1.3863028
0.4999751	1.3863788
0.499959	1.3863022
0.49996507	1.3864858
0.49994606	1.3863628
0.49993682	1.3863397
0.49994028	1.386298
0.49993616	1.3863034
0.49994045	1.3862959
0.4999305	1.386307
0.49992937	1.3863027
0.4999261	1.3863034
0.49992943	1.386302
0.49992692	1.386298
0.49992162	1.386304
0.49992108	1.3863022
0.49992537	1.386312
0.49992	1.3863032
0.49991882	1.3863001
0.49992228	1.3862973
0.49991858	1.3863053
0.49991858	1.3863122
0.49991822	1.3863056
0.49991733	1.3863046
0.49991596	1.3863127
0.4999181	1.3862975
0.49991217	1.3862958
0.49991548	1.3863258
0.49991447	1.3863049
0.49989632	1.3862708
0.4999136	1.3863208
0.4999137	1.3863018
0.49991336	1.3863008
0.49991277	1.3862965
0.49991205	1.3863983
0.4999086	1.3862946
0.49990526	1.3862936
0.49990246	1.3862922
0.49989954	1.3862913
0.4998969	1.3862772
0.49989358	1.3862858
0.49989036	1.3862829
0.49989238	1.3862743
0.49988398	1.3862851
0.4998807	1.3862817
0.49987796	1.3862762
0.49987605	1.3862746
0.4998738	1.3862991
0.49987534	1.386236
0.49987045	1.3862834
0.49986878	1.3862727
0.4998673	1.3862922
0.4998664	1.3863039
0.49986646	1.3862315
0.49986652	1.3862793
0.499859	1.3862901
0.49986723	1.386282
0.49986997	1.3862789
0.49987248	1.3863072
0.4998727	1.3862815
0.4998757	1.386292
0.49987546	1.3862047
0.49988154	1.3862982
0.49987987	1.3863275
0.49988285	1.3863308
0.49989203	1.3863099
0.49989197	1.3863208
0.4999011	1.3863382
0.499907	1.3863115
0.49990496	1.3863468
0.49991953	1.3863206
0.49992532	1.3863223
0.49992144	1.3863354
0.49992645	1.3862221
0.4999314	1.3862251
0.49993587	1.3863475
0.4999436	1.3862529
0.49994463	1.3863206
0.49994892	1.3863565
0.49995458	1.3863807
0.4999624	1.3863846
0.4999647	1.3863637
0.499982	1.3862894
0.4999857	1.3863826
0.4999898	1.3863571
0.4999988	1.3863859
0.50000584	1.386372
0.5000261	1.3863907
0.5000215	1.3863976
0.5000148	1.3863721
0.500021	1.3863494
0.5000307	1.3863574
0.500035	1.3863535
0.5000419	1.3863406
0.50005955	1.3863537
0.500056	1.386323
0.500062	1.386314
0.50006795	1.3863784
0.5000707	1.386294
0.5000743	1.386287
0.5000756	1.3862705
0.50007623	1.3862604
0.50007915	1.3862429
0.5000885	1.3862506
0.50008583	1.3862259
0.5000856	1.3862133
0.5000931	1.3861897
0.5000942	1.386219
0.50008476	1.3861675
0.50009584	1.3861744
0.5001046	1.3861394
0.50010365	1.3861542
0.50010866	1.3861327
0.5001133	1.3861237
0.5001192	1.3860946
0.5001217	1.3861349
0.50014246	1.3860753
0.5001541	1.386091
0.5001661	1.3861048
0.5001665	1.3861301
0.5001637	1.3861263
0.50017464	1.3861341
0.5001866	1.3861487
0.5002026	1.3861476
0.5002252	1.3862023
0.5002355	1.3861599
0.50024337	1.3862214
0.5002605	1.3861759
0.5002716	1.3862035
0.50028664	1.3863115
0.5003139	1.3864658
0.50031465	1.3863553
0.5003299	1.386307
0.5003151	1.3863617
0.50024205	1.3862419
0.5002676	1.386292
0.5002309	1.3862319
0.5002256	1.3861728
0.50025517	1.3862298
0.50029516	1.3863854
0.5002836	1.3862885
0.50030047	1.3863692
0.5003114	1.3863026
0.5002968	1.3864133
0.5002838	1.3863026
0.5002432	1.3862138
0.50017667	1.3863839
0.50019866	1.3861876
0.5001342	1.3860693
0.50024825	1.3862864
0.5002472	1.3863028
0.500169	1.3861406
0.50025237	1.3863099
0.5002473	1.3863792
0.50023085	1.3864381
0.5002009	1.3862374
0.50013226	1.3862246
0.5001848	1.3862758
0.5001256	1.3861489
0.5001227	1.3861985
0.50011426	1.3865211
0.5001576	1.386384
0.5001422	1.3863045
0.5001255	1.3862848
0.5001519	1.3864069
0.5001419	1.3863509
0.5001575	1.3863074
0.5001506	1.3863405
0.50014246	1.3863177
0.5001399	1.3863289
0.50005996	1.3864756
0.50011235	1.3863207
0.5001274	1.3864036
0.500112	1.3863761
0.5001128	1.3863952
0.5001117	1.3863175
0.5001072	1.3866856
0.5000282	1.3861954
0.50008464	1.3863099
0.5000629	1.3862447
0.50004494	1.386217
0.50007945	1.3862839
0.5000702	1.3863385
0.5000972	1.3863499
0.5000895	1.386298
0.50004464	1.3862166
0.500088	1.3863779
0.5000522	1.3865349
0.50005054	1.3862989
0.5000418	1.3864143
0.5000462	1.3862482
0.5000413	1.3863176
0.49996662	1.3861847
0.5000011	1.3861642
0.5000258	1.3862262
0.4999982	1.3862237
0.50002	1.386307
0.4999838	1.3862864
0.49998873	1.3862829
0.5000203	1.3866273
0.50000024	1.3863921
0.4999832	1.3867549
0.49996454	1.3863486
0.4999615	1.386387
0.49996525	1.386672
0.49996316	1.3866295
0.49997842	1.3864143
0.49996614	1.3866967
0.4999662	1.3866985
0.4999671	1.386372
0.4999677	1.3866785
0.49996328	1.3863536
0.49994493	1.3863268
0.4999572	1.3863561
0.49993545	1.3863077
0.49995792	1.3864031
0.49990466	1.3862182
0.49991977	1.3862876
0.4999249	1.386219
0.49994928	1.3863251
0.4999509	1.3863567
0.49994028	1.3863399
0.4999243	1.3862797
0.49995017	1.3863096
0.49997038	1.3863075
0.49996084	1.3863474
0.4999683	1.3863914
0.49997532	1.3863201
0.49997503	1.3863475
0.49997866	1.3863484
0.49997592	1.3863285
0.49998015	1.3863636
0.49997842	1.3863311
0.49998593	1.3863418
0.49997562	1.3862752
0.49997854	1.3863541
0.49997973	1.3862809
0.49998486	1.3864145
0.49997073	1.3863333
0.49998736	1.3863602
0.49998653	1.3863868
0.4999907	1.3862996
0.49998367	1.3864061
0.49998593	1.3862996
0.4999684	1.3863512
0.49997616	1.3863877
0.49996525	1.3863454
0.49996263	1.3863047
0.49996412	1.3863468
0.4999715	1.386374
0.49996734	1.3863521
0.49996632	1.3863503
0.4999678	1.3863862
0.4999436	1.3863025
0.4999591	1.3863103
0.49996567	1.3863692
0.49996233	1.3862984
0.49997628	1.3863499
0.4999627	1.3862953
0.4999858	1.3863294
0.4999776	1.3862592
0.4999845	1.3863709
0.499987	1.3863249
0.4999832	1.3862602
0.49998176	1.3862638
0.49997365	1.3863119
0.49997276	1.3862909
0.49996936	1.3862948
0.49997443	1.3863177
0.49997592	1.3863487
0.49993765	1.3864508
0.49996734	1.3863244
0.49996388	1.3864801
0.4999472	1.386297
0.49991524	1.3862419
0.49993986	1.3863114
0.49994087	1.3863057
0.499965	1.3863417
0.49997956	1.3863282
0.49998045	1.386327
0.49997592	1.3862927
0.499981	1.3865122
0.49996555	1.3862946
0.49996448	1.3864348
0.49996436	1.3862706
0.4999646	1.3862805
0.49996	1.3864455
0.4999677	1.3862981
0.49996984	1.3862834
0.4999817	1.3863077
0.49997592	1.3862643
0.49998468	1.3863324
0.5000022	1.386365
0.49999756	1.3863369
0.49998647	1.3863063
0.49997318	1.3863072
0.5000042	1.3863225
0.49998802	1.3863016
0.5000018	1.3863153
0.5000064	1.3863025
0.5000119	1.3863205
0.5000087	1.3863102
0.5000101	1.3863065
0.50001454	1.3863062
0.50002056	1.3863362
0.50001705	1.3863187
0.50001955	1.3862941
0.5000186	1.3863372
0.5000213	1.3862987
0.50001675	1.3863357
0.4999851	1.3862597
0.4999913	1.386286
0.50000083	1.3862745
0.50000453	1.3862842
0.5000086	1.3863206
0.5000022	1.386441
0.5000033	1.3863138
0.4999972	1.386388
0.49999154	1.3862854
0.49999088	1.3863243
0.49998736	1.3864144
0.49998188	1.386321
0.49997425	1.3863039
0.49997127	1.3863
0.49996793	1.3863959
0.49995685	1.386296
0.49995297	1.3863297
0.49992883	1.3864603
0.49993205	1.3863323
0.49992162	1.3863492
0.49992007	1.386348
0.49991608	1.386374
0.49989757	1.3863742
0.49989775	1.3862867
0.49990216	1.386307
0.49991536	1.3863375
0.4999037	1.3862767
0.4999168	1.3862786
0.4999174	1.3863366
0.4999083	1.3863125
0.4999237	1.3863196
0.49992836	1.3864672
0.49994278	1.3863025
0.49992543	1.3862803
0.4999298	1.3864572
0.49993455	1.3863211
0.49993384	1.3863518
0.4999224	1.3864052
0.4999354	1.3863673
0.49993587	1.3863392
0.49992597	1.3863168
0.49992836	1.3863363
0.49992532	1.3863242
0.4999172	1.3864032
0.4999224	1.3864136
0.499863	1.3862168
0.49986413	1.386194
0.49992442	1.3863142
0.49992418	1.3863227
0.4999287	1.3863115
0.49990812	1.386267
0.49992216	1.3862934
0.4999429	1.3863068
0.49994564	1.3863047
0.49995303	1.386281
0.4999569	1.3863149
0.4999581	1.3862911
0.4999696	1.3863028
0.4999739	1.3862822
0.49997675	1.3862785
0.49997735	1.3862822
0.49998176	1.3862882
0.49999154	1.3862989
0.49999517	1.38629
0.49999404	1.3863418
0.49998724	1.3862791
0.4999947	1.3863301
0.4999919	1.3864415
0.4999767	1.3862759
0.49998224	1.3863442
0.4999758	1.3862965
0.49996084	1.3862805
0.49995703	1.3862845
0.49996126	1.3862858
0.49995053	1.3862824
0.4999556	1.3863214
0.4999516	1.3863038
0.49994695	1.3862882
0.49994373	1.3862938
0.49993944	1.3862872
0.49993026	1.3862903
0.49993718	1.3862823
0.49993527	1.386296
0.49993646	1.3863039
0.4999358	1.3862829
0.49993682	1.3862888
0.4999377	1.3862988
0.4999295	1.3862964
0.49993074	1.3862984
0.49994087	1.3862975
0.49993432	1.386277
0.49993563	1.3863006
0.49993503	1.3862927
0.49994552	1.386303
0.49995047	1.3863021
0.49994344	1.3863112
0.4999538	1.3863133
0.49995506	1.3863143
0.49995112	1.3863074
0.49994946	1.3863301
0.4999559	1.3863071
0.49995458	1.3863456
0.49995375	1.3863071
0.499951	1.3863053
0.4999442	1.3862956
0.49995	1.3862996
0.4999478	1.3863089
0.49995267	1.3863037
0.49995285	1.3863001
0.49995035	1.3862978
0.49995363	1.3863025
0.49995244	1.386298
0.49995315	1.3863027
0.4999507	1.3862989
0.4999504	1.3862982
0.49995	1.3862972
0.4999498	1.3862956
0.4999317	1.3862619
0.499951	1.386295
0.49995255	1.3862941
0.49995458	1.386294
0.49995553	1.3862929
0.4999584	1.3862935
0.4999603	1.3862929
0.49995995	1.3862942
0.49996054	1.3862967
0.499965	1.3862954
0.49996698	1.3862953
0.49996918	1.3862969
0.49997056	1.3863046
0.49996996	1.3862987
0.49997634	1.3862957
0.4999792	1.3862962
0.4999777	1.3862948
0.4999808	1.3862951
0.49998248	1.3862963
0.49998885	1.3863033
0.4999895	1.3862953
0.4999938	1.3862967
0.49999332	1.3862965
0.49999845	1.386289
0.5000005	1.3862991
0.5000024	1.3862973
0.5000016	1.3862995
0.50000584	1.3862977
0.50000834	1.3862977
0.5000105	1.3863028
0.5000134	1.3863012
0.5000153	1.3862952
0.50001824	1.3864561
0.5000186	1.3862953
0.5000188	1.3862942
0.5000194	1.3862951
0.5000203	1.3862944
0.5000207	1.3863535
0.5000165	1.3862909
0.50001645	1.3862904
0.5000152	1.3863039
0.50000966	1.3863006
0.50001067	1.3862944
0.50000846	1.386295
0.5000062	1.3862892
0.5000049	1.3862925
0.500003	1.3862911
0.5000015	1.3862916
0.50000143	1.3862871
0.50000215	1.3862927
0.49999654	1.3862772
0.5000024	1.3862876
0.49999827	1.386286
0.50000507	1.3862917
0.50000036	1.3862873
0.50000954	1.3862971
0.5000025	1.386302
0.50001204	1.386296
0.5000133	1.3862909
0.50000596	1.3862807
0.50000536	1.3862832
0.50001675	1.3862873
0.50001836	1.3863454
0.500008	1.3862798
0.50000817	1.3862817
0.50000846	1.3862836
0.50002015	1.3862929
0.50002104	1.3862884
0.500011	1.3862885
0.50001216	1.3862745
0.500015	1.3862858
0.5000139	1.3862907
0.5000192	1.386271
0.50001764	1.386276
0.5000316	1.3863031
0.5000329	1.3863112
0.50002146	1.3862945
0.5000231	1.3862906
0.50002754	1.386296
0.5000368	1.3863047
0.5000356	1.386303
0.50002545	1.3863055
0.5000334	1.3863143
0.5000256	1.3862922
0.5000247	1.3863032
0.50003177	1.3863041
0.50003195	1.3863137
0.50002307	1.3863127
0.500023	1.386314
0.5000235	1.3863162
0.5000213	1.3862952
0.50002587	1.386312
0.50003403	1.3863046
0.50002897	1.3863101
0.500029	1.3863134
0.5000285	1.3863083
0.50003326	1.386305
0.5000289	1.3863062
0.5000272	1.386309
0.5000256	1.3862983
0.50002354	1.3863026
0.50002426	1.386311
0.5000201	1.386302
0.5000168	1.3863016
0.5000141	1.3863026
0.50001097	1.3863018
0.50000846	1.3863012
0.50000507	1.3863038
0.50000215	1.3863013
0.4999987	1.386297
0.49999458	1.3862993
0.499991	1.3862985
0.49998742	1.3862953
0.4999836	1.3862965
0.49997997	1.3862956
0.49997616	1.3862946
0.49997228	1.3862928
0.49996686	1.3862929
0.4999615	1.3862902
0.4999565	1.3862922
0.49995196	1.3862865
0.49994755	1.3862851
0.4999429	1.3862841
0.49993873	1.3862813
0.49993384	1.3862798
0.4999299	1.3862435
0.49992406	1.386276
0.49991786	1.3862722
0.49991453	1.3862848
0.49991205	1.3862746
0.49988773	1.3862455
0.49991181	1.3862705
0.49991924	1.3862312
0.49991482	1.3862957
0.49991876	1.3863024
0.499923	1.3862768
0.4999261	1.3863215
0.49992943	1.3863075
0.4999376	1.3863183
0.49994087	1.3863263
0.49994785	1.3863424
0.49994195	1.3863236
0.49996066	1.3863533
0.49995667	1.386329
0.4999721	1.3863525
0.49998462	1.3863505
0.4999714	1.3862584
0.4999907	1.3863181
0.5000026	1.386353
0.50000787	1.3863542
0.49999654	1.3863533
0.50002044	1.386366
0.50001013	1.3863527
0.5000168	1.3863305
0.50002354	1.3863238
0.50003254	1.3863413
0.5000495	1.3863657
0.50004566	1.3863382
0.50005174	1.3863395
0.5000708	1.3863449
0.5000637	1.3863195
0.50007147	1.3863158
0.5000816	1.3863121
0.5000839	1.3862993
0.5000904	1.3862911
0.5000954	1.3862817
0.5001024	1.386352
0.50010437	1.3862867
0.50009173	1.3862437
0.50008124	1.3862257
0.5001027	1.3862278
0.50010496	1.3862295
0.50010145	1.3862109
0.500069	1.3861556
0.5000813	1.3861544
0.50010836	1.3861649
0.50011665	1.3862872
0.50012004	1.3861728
0.50008476	1.386112
0.50012726	1.3861421
0.5001327	1.386156
0.5000858	1.3861012
0.5000834	1.3860762
0.5000998	1.3860748
0.5001519	1.386123
0.50017035	1.3861575
0.50018144	1.386152
0.50013363	1.3860958
0.5001347	1.3860476
0.5002108	1.3865013
0.5001667	1.3861451
0.5002429	1.3862464
0.50020087	1.3863802
0.500205	1.386235
0.5002242	1.3862969
0.50026554	1.3862953
0.5002582	1.386303
0.50026613	1.3863679
0.5002152	1.3862338
0.50020665	1.3861661
0.5002156	1.3862045
0.50021726	1.3861587
0.5002683	1.3863363
0.50025284	1.3862517
0.50029296	1.3863064
0.50028986	1.3864
0.50029075	1.3865244
0.50027347	1.3863115
0.5002587	1.3864763
0.50024605	1.3864658
0.5002353	1.386498
0.5002205	1.3862777
0.50023496	1.3863109
0.50022054	1.3863122
0.5002011	1.3863051
0.5001644	1.3863281
0.5001461	1.3864491
0.50014746	1.3865545
0.50009716	1.3862116
0.5001268	1.3863261
0.50010467	1.3863189
0.50009847	1.3863145
0.5000664	1.386627
0.5000628	1.3862697
0.5000605	1.3863059
0.5000548	1.3863561
0.5000264	1.3862541
0.50004447	1.3864133
0.5000226	1.3866718
0.500014	1.3862742
0.49998105	1.3865705
0.4999894	1.3862877
0.49999666	1.3863379
0.4999944	1.3863394
0.49998522	1.3863151
0.4999504	1.3862356
0.4999373	1.3863091
0.49996865	1.386349
0.49997258	1.3865764
0.49998295	1.3863353
0.4999838	1.3863297
0.4999888	1.3862888
0.49999332	1.386328
0.49999583	1.3865211
0.499995	1.3863381
0.49995726	1.3862821
0.49997568	1.3863218
0.49998796	1.3863401
0.49997902	1.3865921
0.49998933	1.3862854
0.499987	1.3863089
0.49998736	1.3863717
0.49998546	1.3863852
0.49996763	1.3862914
0.49996698	1.3862963
0.49996078	1.3862693
0.49997318	1.3864238
0.49997604	1.3863789
0.49996936	1.3863642
0.4999627	1.3862884
0.4999559	1.3863168
0.4999596	1.3863466
0.49994624	1.3863463
0.49993825	1.3863052
0.4999432	1.3863019
0.49996197	1.3864532
0.4999506	1.3866053
0.49996543	1.3864114
0.49995893	1.3863109
0.49997503	1.3863356
0.4999696	1.3863342
0.49997246	1.386279
0.49997485	1.3863052
0.49998093	1.3863491
0.49997962	1.3863164
0.4999869	1.3865546
0.50000125	1.3863446
0.49999404	1.3863174
0.5000018	1.386351
0.5000043	1.3863912
0.5000133	1.3863703
0.50000346	1.3863006
0.50001067	1.3863341
0.5000084	1.3863183
0.50000983	1.3864405
0.500006	1.3863171
0.50000274	1.3863224
0.49998784	1.3863255
0.49998903	1.3863027
0.4999894	1.3863419
0.49999428	1.3863213
0.49996746	1.3862823
0.4999684	1.386288
0.49997306	1.3863473
0.4999919	1.3863093
0.499992	1.3863373
0.49998724	1.386296
0.49998534	1.3862927
0.49998963	1.3863415
0.49996108	1.3862485
0.49999	1.3863027
0.4999867	1.3862883
0.499982	1.3862784
0.4999869	1.3862975
0.49998856	1.3863404
0.4999801	1.3862989
0.49998546	1.3864553
0.49996245	1.3862859
0.4999863	1.386361
0.49997336	1.3864903
0.49997228	1.3863295
0.49997687	1.3862908
0.4999807	1.3863168
0.49997276	1.3863226
0.49994665	1.3863881
0.49996436	1.3863289
0.49996585	1.3863047
0.49996233	1.3862909
0.49996257	1.3863099
0.4999597	1.3863254
0.49995255	1.3863032
0.49995953	1.3863376
0.4999584	1.3863243
0.4999619	1.3863345
0.49996167	1.3863562
0.49996507	1.386339
0.49993986	1.3863239
0.4999442	1.3863312
0.49996543	1.3863328
0.49996924	1.3863379
0.4999721	1.3863266
0.4999503	1.386261
0.49997628	1.3863305
0.49997425	1.386275
0.49997747	1.3862753
0.4999861	1.3863302
0.49998927	1.3863206
0.49999845	1.3863621
0.4999951	1.3863645
0.4999947	1.3863412
0.4999591	1.3863456
0.49999285	1.3863246
0.499992	1.3863276
0.4999882	1.3862742
0.49998796	1.3863066
0.49999154	1.3862767
0.49999678	1.3864135
0.4999956	1.3864949
0.49999678	1.3862972
0.49999577	1.3863114
0.4999963	1.3863285
0.49999762	1.3863347
0.49999988	1.386302
0.49999923	1.3864039
0.49999833	1.3868904
0.5000029	1.3863071
0.50000393	1.386311
0.49999654	1.3863581
0.49999428	1.3862876
0.49999464	1.3863208
0.49999952	1.3863177
0.4999845	1.386266
0.49998343	1.3862619
0.49998385	1.3863041
0.49998224	1.3862702
0.49995828	1.3862827
0.49998498	1.3863128
0.49997735	1.3862815
0.49997777	1.3863568
0.4999702	1.3863025
0.49997228	1.386327
0.49997163	1.3863325
0.49996364	1.3862743
0.49997467	1.3864329
0.49997354	1.386341
0.4999746	1.3863137
0.4999702	1.3863217
0.499972	1.38631
0.4999751	1.3862994
0.49997717	1.3863252
0.49997747	1.386358
0.49997032	1.3863263
0.49997914	1.3863263
0.4999792	1.3862897
0.4999727	1.3862828
0.4999869	1.3862839
0.49998772	1.3862746
0.4999827	1.3863069
0.49999	1.3863086
0.49998248	1.3863096
0.4999802	1.3862647
0.4999935	1.3863195
0.49999458	1.3863068
0.49998474	1.3862793
0.49998617	1.3862967
0.49998844	1.3863273
0.4999944	1.3863751
0.4999892	1.3864634
0.49998802	1.3863062
0.49997973	1.3863244
0.49997747	1.3863616
0.49997383	1.3863419
0.49994218	1.3862479
0.499974	1.3863431
0.49997222	1.3863202
0.4999779	1.3864056
0.4999814	1.3862989
0.4999841	1.3863088
0.49999255	1.3863124
0.49998862	1.386305
0.49998772	1.3862765
0.49999428	1.3862815
0.49998832	1.3862786
0.4999882	1.3862929
0.49999166	1.3863771
0.49998975	1.3862886
0.49999297	1.3862858
0.49999428	1.3862965
0.4999997	1.3862859
0.5000004	1.3863324
0.4999963	1.3862898
0.5000006	1.3863144
0.49999517	1.3864247
0.49998868	1.3863083
0.49998367	1.3863083
0.49997824	1.3863039
0.49998045	1.3863137
0.49997777	1.3862964
0.49997437	1.3862994
0.499972	1.386292
0.4999547	1.3862967
0.49994355	1.3862764
0.49996448	1.3863261
0.49996233	1.3863225
0.49996316	1.386292
0.4999634	1.3863192
0.49996364	1.3863075
0.49996322	1.3862853
0.49996316	1.3863721
0.49995738	1.3862945
0.49995857	1.3863024
0.49995226	1.3863062
0.49995464	1.3862945
0.49995363	1.3863592
0.49995238	1.3864994
0.49994385	1.3862964
0.49993968	1.3863049
0.49993455	1.3862965
0.4999317	1.3862934
0.49993217	1.3862993
0.49993098	1.3862973
0.4999298	1.3862938
0.49993253	1.3864461
0.4999261	1.3863035
0.49992347	1.3863044
0.49992156	1.3863051
0.4999215	1.386308
0.49991632	1.3863065
0.4999169	1.3862989
0.49991512	1.3863008
0.49991146	1.3863027
0.49991104	1.3863013
0.4999099	1.386302
0.49990788	1.3863001
0.49990836	1.3863648
0.4999036	1.3862975
0.49989888	1.386296
0.4998962	1.3862965
0.4998928	1.3862948
0.49988952	1.3862927
0.49988642	1.3862925
0.49988344	1.386292
0.49988118	1.3862889
0.49987975	1.3862839
0.49987772	1.386282
0.49987587	1.3862796
0.49987236	1.3862859
0.49987045	1.3862851
0.4998695	1.3862791
0.4998707	1.3862753
0.4998696	1.386272
0.49986723	1.3862801
0.4998671	1.3862677
0.49986818	1.3862123
0.49986514	1.3862746
0.499864	1.3862872
0.49986592	1.3862128
0.49986294	1.3862603
0.49986175	1.3862858
0.49986616	1.3862872
0.49986443	1.3862936
0.49987045	1.3862584
0.4998701	1.3863008
0.49987856	1.3862627
0.49988243	1.3862846
0.4998881	1.3862855
0.4998938	1.3862803
0.49989417	1.3861592
0.49990466	1.3862917
0.4999086	1.3862922
0.49991775	1.3863263
0.499913	1.3863504
0.49992555	1.3863171
0.499941	1.3863479
0.49993443	1.3863583
0.4999441	1.386385
0.4999708	1.3863727
0.5	1.3864075
0.49999237	1.3863873
0.50000453	1.3863819
0.4999956	1.3864496
0.5000162	1.3862727
0.50001955	1.3862723
0.5000438	1.3863937
0.50003284	1.386296
0.50005937	1.386416
0.50004643	1.3863989
0.5000782	1.3863372
0.5000576	1.3864028
0.5000868	1.3863907
0.5000965	1.3863977
0.5001033	1.3864272
0.5001083	1.3864
0.5000974	1.3863752
0.5001056	1.3863677
0.5001204	1.3863586
0.50012463	1.3863465
0.50012374	1.3863237
0.5001299	1.3863025
0.50013304	1.3862822
0.50014025	1.3862665
0.5001448	1.3862486
0.5001319	1.3862033
0.5001403	1.3861889
0.5001363	1.3861794
0.50014	1.3861408
0.50011486	1.3860401
0.5001383	1.3860662
0.50014454	1.3860672
0.5001271	1.3859302
0.5001464	1.386007
0.50016224	1.3860044
0.50021523	1.3860482
0.5002364	1.386073
0.5002059	1.3859676
0.5002185	1.3860456
0.50023836	1.3860393
0.50031555	1.3864617
0.50028497	1.3860732
0.5003092	1.3861552
0.5003898	1.3862865
0.5004246	1.3863317
0.5004264	1.3863912
0.50042087	1.3863993
0.50034744	1.3861737
0.50035954	1.3862922
0.5003431	1.3862436
0.5003347	1.386237
0.50034845	1.3865274
0.50036067	1.3862798
0.50038326	1.3863208
0.50031084	1.3861481
0.5003239	1.386641
0.5003318	1.3866022
0.50027263	1.3861504
0.5002457	1.3860729
0.50023973	1.3861246
0.50024635	1.386116
0.5002405	1.3861349
0.50023466	1.3862016
0.5002662	1.3863492
0.5002259	1.3862572
0.50022155	1.3865521
0.50019604	1.386397
0.5002165	1.3864155
0.5001817	1.3863997
0.5001755	1.3866525
0.5001627	1.386419
0.50014776	1.3863335
0.5001318	1.3864417
0.50010747	1.3864766
0.50009924	1.3863878
0.50008726	1.3864266
0.5000778	1.3863579
0.5000037	1.3862426
0.49998438	1.3861728
0.49999267	1.3862559
0.4999932	1.3862398
0.49998617	1.3862915
0.50000083	1.3867189
0.500005	1.3863571
0.50000006	1.3863335
0.49996907	1.3862493
0.4999479	1.3862238
0.49995726	1.3863331
0.49993157	1.3862069
0.49994648	1.3862338
0.49994022	1.3861848
0.49995124	1.386199
0.49996227	1.3863069
0.4999854	1.3862706
0.5000036	1.3865161
0.49999964	1.386452
0.49994612	1.3861979
0.50000656	1.386667
0.4999795	1.386255
0.49996555	1.3861972
0.49999058	1.3862222
0.5000162	1.3862838
0.5000154	1.3863399
0.50004345	1.386309
0.5000344	1.3862901
0.50001204	1.3863771
0.50001365	1.3863884
0.5000338	1.3863199
0.50002193	1.3863976
0.50004035	1.3863357
0.5000371	1.3863739
0.5000149	1.3863283
0.5000205	1.386314
0.4999962	1.3864087
0.50000316	1.3862685
0.50001156	1.3863659
0.49999392	1.3863298
0.49999976	1.3862863
0.50000787	1.3863256
0.49999058	1.3862729
0.50000525	1.386302
0.50000983	1.3863443
0.5000088	1.3866775
0.49999785	1.3867369
0.5000076	1.3864279
0.5000183	1.3866125
0.5000029	1.3862573
0.5000144	1.386409
0.49998504	1.3865623
0.500014	1.3863128
0.50001204	1.3862773
0.50001633	1.3863341
0.5000288	1.3863277
0.500018	1.3862861
0.500004	1.3862993
0.500004	1.3863033
0.50002486	1.3865985
0.5000152	1.3863184
0.5000175	1.3863363
0.5000258	1.3863258
0.5000147	1.3862679
0.5000216	1.3864279
0.5	1.3862597
0.50002766	1.3864579
0.50002384	1.3864876
0.4999895	1.3862568
0.5000097	1.3863674
0.5000166	1.3863047
0.50000435	1.3863081
0.49999684	1.3863014
0.50000453	1.3862925
0.49998736	1.3863537
0.49999893	1.3863347
0.5000123	1.3862972
0.4999957	1.3863263
0.50001645	1.3863341
0.5000025	1.3862904
0.50000644	1.3863064
0.50000966	1.3863294
0.5000223	1.3864233
0.5000114	1.3863958
0.5000234	1.3866087
0.49999362	1.3862612
0.50000983	1.3862975
0.49998927	1.386246
0.5000222	1.3862904
0.49999774	1.3862216
0.50000656	1.3862842
0.50003886	1.3862773
0.50002545	1.386455
0.5000284	1.3863376
0.50005955	1.3864785
0.5000186	1.3862891
0.5000285	1.3863318
0.500027	1.3862349
0.50003964	1.3862948
0.5000249	1.3865731
0.50005877	1.3863181
0.5000597	1.3863181
0.50002766	1.3862466
0.50004816	1.3865473
0.5000445	1.3863682
0.5000277	1.3863231
0.500042	1.386281
0.5000522	1.3864424
0.50003314	1.3862541
0.5000327	1.386355
0.5000245	1.3863755
0.5000092	1.386215
0.50001496	1.3864467
0.49999756	1.3862225
0.50000805	1.3863746
0.50000954	1.3864033
0.50000525	1.3862612
0.49999392	1.3864033
0.5000017	1.3863853
0.49996746	1.3862619
0.49998164	1.386379
0.49994206	1.3862889
0.49993932	1.3862913
0.4999665	1.3864214
0.49993885	1.3862374
0.49998057	1.3864279
0.49998432	1.3864865
0.4999889	1.386291
0.49998808	1.3863318
0.50000304	1.3864032
0.49996936	1.3862516
0.499992	1.3862894
0.49997157	1.3863147
0.50001085	1.386365
0.50001264	1.386331
0.5000125	1.3867733
0.50000805	1.3863703
0.4999708	1.3862836
0.50000083	1.3864633
0.499954	1.3862367
0.49996936	1.3862939
0.49995506	1.3861929
0.4999318	1.3863666
0.5000053	1.3862876
0.49999666	1.3862888
0.50001305	1.3863717
0.5000394	1.3864512
0.5000389	1.3862898
0.5000014	1.3862066
0.5000271	1.3864455
0.49999464	1.3862494
0.50001985	1.3862683
0.5000161	1.3862455
0.49998558	1.3861845
0.50001675	1.3862622
0.50002396	1.3863811
0.5000234	1.3865876
0.5000262	1.386335
0.4999913	1.3862609
0.5000027	1.3863392
0.5000016	1.3862957
0.5000116	1.3863322
0.5000015	1.3863512
0.49997646	1.386282
0.49996817	1.3867027
0.4999563	1.3862016
0.49995953	1.3863055
0.4999708	1.3863292
0.49998587	1.386293
0.49999237	1.3862785
0.50000393	1.3863306
0.49999118	1.3862967
0.49995375	1.3862948
0.49997604	1.386301
0.49997514	1.3862249
0.4999665	1.3861916
0.49996287	1.3861846
0.49998993	1.3863759
0.5000021	1.3862667
0.50000435	1.3863219
0.50000495	1.3863416
0.49999607	1.3863468
0.5000101	1.3863353
0.49998564	1.3865415
0.4999851	1.3863196
0.49993193	1.3862071
0.49998677	1.3862473
0.50000095	1.3862771
0.50000817	1.3863837
0.49983877	1.3860347
0.499969	1.3862464
0.5000236	1.3862897
0.5000205	1.3862896
0.50002503	1.3863953
0.50002575	1.3867846
0.5000171	1.3866479
0.5000424	1.3863286
0.5000414	1.386315
0.49996662	1.3861983
0.50003254	1.3863121
0.50002813	1.3864831
0.50003844	1.3863803
0.50003195	1.3862903
0.5000361	1.3863012
0.5000389	1.3862919
0.5000309	1.3862727
0.50003785	1.386296
0.5000303	1.386308
0.50002295	1.3862783
0.5000296	1.3862784
0.4999652	1.3862414
0.5000266	1.3862967
0.50001293	1.3862706
0.49999928	1.386296
0.49999046	1.3863356
0.5000052	1.3862945
0.49999416	1.3862891
0.49998677	1.3862972
0.49998713	1.3865461
0.49999774	1.3863139
0.4999671	1.3863053
0.49997926	1.386343
0.4999944	1.3863114
0.49999583	1.3863782
0.5000003	1.3862929
0.5000013	1.3863282
0.49999452	1.3863013
0.4999864	1.3863101
0.4999671	1.386539
0.4999839	1.3862884
0.49998462	1.3863254
0.49997425	1.3863103
0.4999829	1.3863288
0.49998856	1.386396
0.49998677	1.3863313
0.49997795	1.3862756
0.49999648	1.3863436
0.4999975	1.3863462
0.49999553	1.3863925
0.50000226	1.3863037
0.5000003	1.3863126
0.49999493	1.3862725
0.5000068	1.3863047
0.49998736	1.3862709
0.5000039	1.3863409
0.4999795	1.3863256
0.4999653	1.386292
0.49997103	1.386294
0.49999797	1.3865759
0.50001115	1.3863934
0.49998724	1.3862655
0.5000114	1.3863949
0.500009	1.3863779
0.5000052	1.3863431
0.50000465	1.3864713
0.50000685	1.3863335
0.4999981	1.3862807
0.5000005	1.3864299
0.49998903	1.3863236
0.49998105	1.3863133
0.49997354	1.3863575
0.4999745	1.3863647
0.49997383	1.3863643
0.49997306	1.3863195
0.4999786	1.3863196
0.49997956	1.386307
0.49997663	1.3864106
0.49997294	1.3863652
0.49998295	1.3863015
0.49998915	1.3863788
0.49998713	1.3863497
0.49998987	1.3863395
0.4999913	1.3862884
0.49999475	1.3863194
0.49999332	1.3862747
0.49999607	1.3863599
0.49998933	1.3863178
0.49999624	1.3863485
0.49998862	1.3862865
0.49998987	1.3863474
0.49997777	1.386323
0.4999795	1.3863621
0.49997854	1.386342
0.4999935	1.3866236
0.4999689	1.3862422
0.49998283	1.3863127
0.49998635	1.3863043
0.5000066	1.3865335
0.5000202	1.3864528
0.50000757	1.3862573
0.50001013	1.3863025
0.5000189	1.3862866
0.500009	1.3864977
0.5000284	1.3862838
0.5000202	1.3862677
0.50002587	1.3863869
0.5000214	1.3863078
0.5000264	1.3862798
0.500016	1.386277
0.5000271	1.3865654
0.50002766	1.3864079
0.50003415	1.3865795
0.50001603	1.3862896
0.5000238	1.3862728
0.5000134	1.3865097
0.5000287	1.3864009
0.50002563	1.386287
0.5000274	1.3865864
0.50002086	1.3862671
0.5000287	1.3864009
0.50002766	1.3863164
0.5000269	1.3864669
0.5000209	1.3863214
0.5000286	1.3863652
0.50002867	1.3864725
0.5000275	1.38647
0.5000254	1.3864648
0.50002486	1.386853
0.5000243	1.3863181
0.50001913	1.3863541
0.4999985	1.3863145
0.50000507	1.3863748
0.49998808	1.3862598
0.49999797	1.3863274
0.50001276	1.3863473
0.5000135	1.3863436
0.50001645	1.3862969
0.50001264	1.386293
0.5000142	1.3863277
0.5000236	1.3865926
0.5000214	1.3863579
0.5000195	1.3863455
0.4999885	1.3863133
0.50000834	1.3863285
0.5000088	1.3863168
0.5000132	1.3865875
0.5000156	1.3863635
0.5000132	1.3864119
0.50002205	1.3864205
0.5000285	1.3862833
0.5000165	1.3863124
0.50001514	1.3863187
0.5000102	1.3862835
0.50001395	1.3866279
0.5000124	1.3863215
0.5000111	1.3863698
0.50000256	1.3862675
0.50000054	1.3863484
0.5000128	1.3863214
0.5000184	1.3863598
0.5000068	1.3863441
0.5000158	1.3863261
0.50001425	1.3863217
0.5000132	1.3863846
0.5000119	1.3863693
0.5000157	1.3863201
0.5000178	1.3863956
0.50002056	1.3865256
0.50002	1.386339
0.50002307	1.3865719
0.49998713	1.3862526
0.5000103	1.386351
0.5000238	1.3863245
0.5000205	1.3863047
0.50003284	1.386355
0.5000329	1.3863165
0.5000309	1.3863556
0.50003	1.3863444
0.5000256	1.3863462
0.5000061	1.3863066
0.49999678	1.3865063
0.5000136	1.3863447
0.50001305	1.3864005
0.50000954	1.3863772
0.50002295	1.3865883
0.50002414	1.3863488
0.5000259	1.386357
0.5000266	1.3863081
0.5000243	1.3863136
0.50001717	1.3863318
0.4999928	1.3862692
0.5000119	1.3864448
0.5000121	1.3863553
0.5000145	1.386429
0.50001705	1.386401
0.50001657	1.3863178
0.5000165	1.386297
0.5000173	1.3863893
0.5000202	1.3863677
0.5000183	1.3863809
0.5000207	1.3864697
0.50002295	1.3863571
0.5000264	1.3863972
0.5000247	1.3863403
0.5000239	1.3863417
0.50002307	1.3864108
0.5000211	1.3863069
0.50002	1.3863332
0.5000157	1.3863665
0.5000122	1.3863713
0.500008	1.3865521
0.50000083	1.3863349
0.5000056	1.3863536
0.5000169	1.3863635
0.5000118	1.386343
0.50002086	1.3863275
0.5000217	1.3863196
0.50001776	1.3863384
0.5000172	1.3863225
0.5000105	1.3863136
0.5000085	1.386312
0.5000023	1.386329
0.50000024	1.3863504
0.5000055	1.3863419
0.50000393	1.3862904
0.5000049	1.3864722
0.50000644	1.3863436
0.5000087	1.3863015
0.50000775	1.3863244
0.500006	1.3863307
0.5000078	1.3863202
0.5000082	1.3863413
0.5000088	1.3864634
0.50000733	1.3863558
0.5000038	1.3863249
0.5000097	1.3863262
0.500008	1.3863358
0.5000101	1.3863224
0.5000064	1.3865201
0.5000106	1.386322
0.50000995	1.3864769
0.50001055	1.3863093
0.49999988	1.3862789
0.50000906	1.3863223
0.5000085	1.3863541
0.5000103	1.3865156
0.5000064	1.3864187
0.5000048	1.3865173
