Generator	Calculation
-----------------------
0.87030596	0.79527902
0.8754044	0.838326099
0.8750044	0.810585822
0.8562556	0.595775075
0.8693856	0.769740948
0.8826945	0.930403659
0.870003	0.826398634
0.8708477	0.903136384
0.87540656	0.888725422
0.8701538	0.853441038
0.87096494	0.853441038
0.8741585	0.844992604
0.8666129	0.846412107
0.8633485	0.857200202
0.87146246	0.898687436
0.86701536	0.796149857
0.88012695	0.894043057
0.87879676	0.866429575
0.87866974	0.879303769
0.88098	0.887157119
0.87162375	0.836245886
0.8819493	0.9081798
0.8739831	0.909893015
0.8789873	0.969847206
0.8769786	0.879303769
0.8686236	0.826398634
0.8775147	0.854940189
0.8775814	0.83882275
0.83978665	0.578790107
0.87575233	0.846412107
0.8794558	0.547393473
0.8663135	0.872887797
0.8726517	0.83417597
0.87528473	0.838326099
0.8745584	0.829789808
0.8702293	0.864613979
0.8953243	0.832814653
0.8740819	0.844992604
0.8671422	0.846412107
0.8782991	0.969847206
0.8565983	0.807228095
0.85865366	0.822428917
0.8543763	0.775940185
0.8774555	0.879303769
0.87400657	0.803231811
0.85537344	0.856627158
0.87863964	0.808122036
0.87388563	0.853441038
0.87532157	0.888725422
0.8738588	0.79527902
0.8737742	0.840126869
0.8410569	0.749930087
0.86996216	0.811988648
0.8792612	0.856627158
0.8707008	0.815333883
0.8808669	0.83882275
0.87187076	0.799428302
0.87749076	0.854940189
0.87498313	0.84078866
0.859196	0.841793787
0.8719926	0.836245886
0.87387896	0.840921121
0.8609422	0.844599766
0.86753595	0.829920064
0.85961944	0.822428917
0.8745344	0.945251552
0.8687634	0.810585822
0.8551249	0.820877526
0.87059903	0.777817459
0.87404394	0.84251773
0.8774748	0.857099129
0.8560383	0.864241621
0.8630114	0.640178979
0.86890656	0.815333883
0.8735602	0.842982202
0.8753028	0.888725422
0.8865645	0.783847052
0.8770426	0.817218434
0.8720183	0.83662634
0.8740554	0.909893015
0.87173283	0.811530374
0.8796646	0.9636063
0.8603182	0.83882275
0.85555905	0.856627158
0.8676889	0.842982202
0.87234414	0.823612712
0.9373747	0.942809042
0.8740477	0.909893015
0.87244254	0.803231811
0.87806255	0.803610188
0.8796025	0.86491602
0.859388	0.803672024
0.8902286	0.889919754
0.8757608	0.846412107
0.8716301	0.836245886
0.87258106	0.801855581
0.8676192	0.826398634
0.87402827	0.909893015
0.84117055	0.75187363
0.8613373	0.640178979
0.8883922	0.867161357
0.8778032	0.857663884
0.8788101	0.934760672
0.8705713	0.795072218
0.8838137	0.624174504
0.84877664	0.576059965
0.8753787	0.888725422
0.8714454	0.836245886
0.8742525	0.856627158
0.8795806	0.879303769
0.84818375	0.578790107
0.8437399	0.853139703
0.87440276	0.856627158
0.8819794	0.894043057
0.8738189	0.844992604
0.87237924	0.797228234
0.88183033	0.910072617
0.8765136	0.809478957
0.8472537	0.669686897
0.87396675	0.83882275
0.8690837	0.79828634
0.92144835	0.969847206
0.8707785	0.853441038
0.8695072	0.830765069
0.87622315	0.810585822
0.8741072	0.797228234
0.8774748	0.857099129
0.86662036	0.840921121
0.8784471	0.969847206
0.84381425	0.853139703
0.848635	0.861947682
0.87489134	0.833678895
0.8994424	0.832814653
0.8735461	0.811330461
0.88137984	0.83882275
0.87122905	0.85132856
0.8810432	0.887157119
0.873919	0.811530374
0.87411153	0.909893015
0.873597	0.843627397
0.8765182	0.810585822
0.87581366	0.846412107
0.87947446	0.795072218
0.8612267	0.877084373
0.8658938	0.826398634
0.86927396	0.812492888
0.8901678	0.873684821
0.86048555	0.820243866
0.8709546	1.01351972
0.8731598	0.807381092
0.8782664	0.930403659
0.92180693	0.969847206
0.86899495	0.826771006
0.85819376	0.803672024
0.87722105	0.781793854
0.8817531	0.950591663
0.8725655	0.797228234
0.8809609	0.783821196
0.8831362	0.783847052
0.87367517	0.83417597
0.8721226	0.836245886
0.88212734	0.810585822
0.87330395	0.803231811
0.88244855	0.894043057
0.8719264	0.83417597
0.86883074	0.820243866
0.8488442	0.576059965
0.8789139	0.84048868
0.85947895	0.864613979
0.87896216	0.930403659
0.8922567	0.83882275
0.8735369	0.85132856
0.8708024	0.815333883
0.84304	0.532362002
0.86889696	0.840921121
0.8930841	0.872887797
0.87360805	0.810585822
0.85563946	0.739045703
0.85266584	0.840752393
0.87522155	0.838326099
0.8771303	0.793433465
0.87376446	0.846412107
0.92314374	0.942809042
0.8531264	0.813100792
0.88091403	0.887157119
0.88177353	0.894043057
0.87979877	0.752726574
0.8754061	0.791821286
0.8706265	0.810585822
0.87127095	0.815333883
0.89557844	0.810585822
0.8690172	0.85132856
0.8632661	0.900251689
0.87807065	0.803610188
0.8745978	0.829789808
0.87850153	0.879303769
0.855048	0.83882275
0.8350842	0.749779376
0.8736649	0.906366298
0.8552209	0.67830151
0.8707689	0.603297488
0.8745072	0.603297488
0.874608	0.526917408
0.85880125	0.747363621
0.86513656	0.82397822
0.879732	0.86491602
0.8744913	0.846412107
0.87562513	0.807119403
0.8670001	0.603297488
0.87015533	0.840921121
0.8770999	0.879303769
0.87519854	0.838326099
0.838537	0.755797306
0.8664829	0.840921121
0.8740401	0.815190597
0.9128295	0.83882275
0.87267774	0.797228234
0.8810303	0.887157119
0.8827454	0.810585822
0.87409586	0.909893015
0.8594102	0.900251689
0.8674135	0.842982202
0.8806774	0.79638794
0.87886924	0.853278726
0.8417137	0.836851145
0.86963487	0.820243866
0.9192005	0.9636063
0.874312	0.791821286
0.87129515	0.790295814
0.8780066	0.925729168
0.8701804	0.795452326
0.85830903	0.728169536
0.84806806	0.578790107
0.8642345	0.860535611
0.894841	0.832814653
0.87230617	0.83417597
0.88531613	1.191753002
0.882952	0.934876754
0.8753705	0.888725422
0.87183225	0.838702336
0.85361844	0.83882275
0.8817139	0.887157119
0.877673	0.923498495
0.85913557	0.827214124
0.87466913	0.833678895
0.8737688	0.79527902
0.8706666	0.815333883
0.88290745	0.783847052
0.87469023	0.833678895
0.8693772	0.792703918
0.8911391	0.892095597
0.87801886	0.813348696
0.8739143	0.83417597
0.84450763	0.825748859
0.8775007	0.813348696
0.8800162	0.910437916
0.86347854	0.857200202
0.8667763	0.830765069
0.8693812	0.835356541
0.8362744	0.772209843
0.8948546	0.832814653
0.8476192	0.565685425
0.8787559	0.969847206
0.87943286	0.879303769
0.856037	0.864241621
0.8587804	0.822428917
0.86449397	0.829920064
0.8746004	0.909893015
0.8878476	0.902689508
0.83580506	0.765371286
0.8418586	0.846500591
0.8745949	0.846412107
0.8753926	0.888725422
0.8735703	0.803231811
0.87904257	0.889919754
0.87074095	0.903136384
0.88445306	0.910437916
0.92123324	0.942809042
0.8543073	0.579063121
0.87084174	0.811530374
0.8660755	0.840921121
0.864797	0.792221486
0.8738511	0.846412107
0.880878	0.83882275
0.8789994	0.84048868
0.83885044	0.752788341
0.8735335	0.784214269
0.87839454	0.934876754
0.879535	0.879303769
0.88217795	0.925729168
0.8528052	0.775940185
0.87003857	0.803231811
0.86109865	0.803672024
0.87665564	0.80185909
0.9348844	0.807228095
0.8778975	0.930403659
0.87049556	0.840921121
0.8578897	0.83882275
0.8696043	0.634271748
0.85450137	0.746114153
0.8759859	0.829531239
0.8835295	0.820243866
0.8701804	0.795452326
0.8819123	0.925729168
0.8716418	0.805200516
0.8811653	0.875004282
0.86336905	0.872887797
0.8765362	0.807119403
0.87544346	0.880685965
0.871056	0.85132856
0.87932205	0.879303769
0.86606556	0.800498243
0.8665991	0.83882275
0.875637	0.846412107
0.86767596	0.830765069
0.87528086	0.888725422
0.8757125	0.788363551
0.88027644	0.894043057
0.8676823	0.59507546
0.87035406	0.82397822
0.84944516	0.578790107
0.8744569	0.526917408
0.8708087	0.903136384
0.869086	0.807437186
0.86883074	0.820243866
0.8465449	0.576059965
0.9158322	0.810585822
0.8569817	0.728169536
0.8776421	0.923498495
0.86621404	0.830765069
0.86344516	0.942809042
0.88270456	0.810585822
0.8790482	0.979618966
0.87107813	0.795624794
0.8772131	0.810585822
0.85142803	0.576059965
0.9033575	0.942809042
0.8745457	0.624174504
0.87127024	0.807381092
0.8678296	0.840921121
0.87843823	0.969847206
0.8719836	0.838326099
0.8747014	0.83882275
0.8710681	0.786136363
0.87449795	0.846412107
0.87386155	0.811330461
0.8369217	0.845612233
0.87898993	0.934760672
0.8707642	0.810585822
0.8797204	0.883883476
0.8714367	0.807381092
0.8714484	0.85132856
0.8794712	0.879303769
0.8925616	0.942809042
0.8698343	0.818394773
0.87532187	0.888725422
0.868221	0.840921121
0.87574744	0.846412107
0.86528105	0.866454788
0.8753372	0.888725422
0.9214879	0.969847206
0.8795079	0.879303769
0.84562	0.861947682
0.8707057	0.586345747
0.8737753	0.825997774
0.8704563	0.783710016
0.858989	0.747363621
0.87367314	0.906366298
0.8817894	0.910072617
0.874052	0.909893015
0.8599881	0.803672024
0.8664159	0.872887797
0.8754944	0.797574855
0.8664364	0.872887797
0.8707144	0.903136384
0.8740677	0.909893015
0.8490461	0.820063136
0.87418675	0.83882275
0.8741115	0.84078866
0.87466896	0.833678895
0.87130004	0.836245886
0.87475157	0.945251552
0.87766874	0.809127163
0.8687059	0.840921121
0.92138934	0.969847206
0.8766741	0.846412107
0.87626386	0.846412107
0.8749948	0.624174504
0.8669349	0.83882275
0.87583065	0.846412107
0.8721877	0.784214269
0.8753272	0.888725422
0.87282425	0.84251773
0.8418815	0.597423551
0.87082636	0.903136384
0.8738908	0.83882275
0.87432635	0.833678895
0.878618	0.969847206
0.87381274	0.84251773
0.8749418	0.84078866
0.87905955	0.969847206
0.87573606	0.864613979
0.845744	0.578790107
0.87135077	0.800498243
0.8734276	0.829856369
0.8678578	0.879303769
0.87017345	0.903136384
0.877546	0.854940189
0.87006575	0.785674201
0.8778385	0.969847206
0.87251115	0.781793854
0.8806684	0.894043057
0.87553436	0.817415439
0.8751831	0.888725422
0.8809515	0.84048868
0.8677093	0.830765069
0.87765443	0.864613979
0.8979542	0.832814653
0.8729417	0.83417597
0.87202734	0.810585822
0.85493016	0.676623733
0.87008154	0.785674201
0.87297916	0.791821286
0.8737831	0.840126869
0.87536806	0.888725422
0.8795347	0.879303769
0.8679043	0.840921121
0.8642428	0.872887797
0.85861295	0.822428917
0.83921206	0.578790107
0.8561443	0.83056987
0.8679317	0.826398634
0.8810688	0.887157119
0.8714965	0.85132856
0.8661563	0.799428302
0.8796646	0.9636063
0.86883616	0.814026792
0.8702178	0.840921121
0.8680004	0.840921121
0.8740701	0.547393473
0.8748356	0.846412107
0.8797345	0.879303769
0.87310326	0.840126869
0.8739095	0.799428302
0.86871046	0.840921121
0.87064755	0.853441038
0.85344964	0.856627158
0.8803991	0.879303769
0.8738049	0.84251773
0.8725649	0.810585822
0.8696058	0.942809042
0.8741436	0.840126869
0.9193346	0.9636063
0.87471175	0.921381563
0.8769064	0.861683612
0.87430024	0.802754075
0.8851477	0.810585822
0.88299024	0.810585822
0.87824404	0.84085411
0.8744186	0.603297488
0.8790752	0.879303769
0.87072647	0.853441038
0.87098366	0.853441038
0.8795311	0.624174504
0.86602217	0.846412107
0.87481	0.802754075
0.8714191	0.811530374
0.8699098	0.810585822
0.8706845	0.903136384
0.8701614	0.82397822
0.8690463	0.814026792
0.877964	0.925729168
0.873067	0.84251773
0.8592932	0.803672024
0.85167575	0.565685425
0.87342936	0.807381092
0.8691584	0.840921121
0.87011313	0.82397822
0.8787854	0.84545376
0.8752025	0.822624226
0.8745618	0.797228234
0.8744081	0.833678895
0.8706705	0.853441038
0.84595454	0.578790107
0.8567322	0.728169536
0.85252476	0.83882275
0.87954974	0.879303769
0.92143476	0.969847206
0.86156696	0.747450335
0.8593719	0.822428917
0.873599	0.801729283
0.8736611	0.906366298
0.87991154	0.802091274
0.8666605	0.803231811
0.87765616	0.923498495
0.88288754	0.783847052
0.8337544	0.854420694
0.88864285	0.902689508
0.8787512	0.822428917
0.84789634	0.76300455
0.8755835	0.888725422
0.84639245	0.578790107
0.87651557	0.861683612
0.8752546	0.791821286
0.8712992	0.815333883
0.87524295	0.817415439
0.87639266	0.841793787
0.8799177	0.84048868
0.8578579	0.803672024
0.8752025	0.825547167
0.87421054	0.84251773
0.8730597	0.843627397
0.8827972	0.960268468
0.87566906	0.846412107
0.8784654	0.930403659
0.8670224	0.800498243
0.8804179	0.864241621
0.8785239	0.957903275
0.87008995	0.814026792
0.8754272	0.791821286
0.90458745	0.844167126
0.84809154	0.576059965
0.8809658	0.887157119
0.87458503	0.829789808
0.8782324	0.969847206
0.8784829	0.969847206
0.87079585	0.815997801
0.887722	0.83882275
0.87385213	0.83882275
0.87321055	0.788363551
0.8799761	0.810585822
0.87002057	0.825997774
0.8756263	0.846412107
0.8791432	0.934760672
0.88137627	0.83882275
0.8739097	0.844992604
0.8745489	0.833678895
0.8960869	0.832814653
0.8838459	0.842982202
0.86433446	0.787871891
0.8739427	0.840126869
0.87366915	0.835356541
0.8843165	0.910437916
0.913613	0.880685965
0.8794497	0.903136384
0.8794509	0.879303769
0.8786289	0.877084373
0.8759487	0.756114182
0.872308	0.903136384
0.8724887	0.83882275
0.8799655	0.955903612
0.8553837	0.856627158
0.8758006	0.846412107
0.9436368	0.969847206
0.87858814	0.948643256
0.87757814	0.857099129
0.8839504	0.910437916
0.88076717	0.83882275
0.8737563	0.836245886
0.8780339	0.925729168
0.8698219	0.860535611
0.884185	0.910437916
0.87093186	0.781793854
0.87375957	0.811988648
0.84877163	0.578790107
0.84706306	0.814739605
0.8475462	0.854420694
0.878066	0.969847206
0.86618423	0.82397822
0.8724252	0.83417597
0.87827206	0.848893567
0.8743932	0.83417597
0.8746986	0.833678895
0.8528787	0.831001559
0.86851823	0.879303769
0.849321	0.576059965
0.8763643	0.799704098
0.8737661	0.909893015
0.8720965	0.83417597
0.87140375	0.815333883
0.8724554	0.797228234
0.8758536	0.846412107
0.87954605	0.887157119
0.86816096	0.795624794
0.8796646	0.9636063
0.8689694	0.563066511
0.8749545	0.84078866
0.8783173	0.624174504
0.88128835	0.83882275
0.8872653	0.860535611
0.87411153	0.909893015
0.86674136	0.846412107
0.87201035	0.799428302
0.8787512	0.822428917
0.8694552	0.792703918
0.8603182	0.83882275
0.87447596	0.587800699
0.87120306	0.79527902
0.873868	0.840464639
0.871016	0.853441038
0.8596036	0.822428917
0.93736666	0.942809042
0.8733235	0.788363551
0.87065107	0.942809042
0.8819873	0.9081798
0.86492586	0.792221486
0.8545576	0.877951373
0.8701969	0.923999884
0.8757941	0.838052481
0.8719722	0.83417597
0.8740307	0.84251773
0.89726573	0.832814653
0.87164336	0.811988648
0.8802211	0.900251689
0.87363875	0.906366298
0.88076717	0.83882275
0.8867677	0.810585822
0.8708846	0.82397822
0.8968361	0.832814653
0.86478454	0.803231811
0.87108576	0.903136384
0.87818754	0.879303769
0.8946124	0.832814653
0.87706465	0.817218434
0.878698	0.847127926
0.85515	0.856627158
0.8796122	0.860417543
0.8689726	0.826398634
0.8785718	0.969847206
0.8738134	0.79527902
0.87041366	0.811988648
0.8945223	0.942809042
0.8736721	0.906366298
0.87441283	0.526917408
0.87491727	0.935556664
0.8750947	0.811988648
0.87080026	0.586345747
0.86022246	0.758237959
0.8745804	0.945251552
0.8801944	0.864613979
0.9233272	0.969847206
0.86986583	0.826398634
0.94242424	0.821439967
0.8964469	0.83882275
0.87461036	0.840126869
0.87216526	0.563976406
0.8786649	0.879303769
0.8747037	0.800819728
0.86092955	0.844599766
0.867051	0.800498243
0.8793403	0.892095597
0.89043665	0.873684821
0.87476164	0.840921121
0.87802815	0.960268468
0.8773931	0.879303769
0.87244153	0.807381092
0.8669429	0.800498243
0.87065816	0.840921121
0.8754012	0.888725422
0.87610245	0.869516466
0.8758238	0.846412107
0.8738896	0.810585822
0.8789697	0.9636063
0.8737969	0.846412107
0.8802755	0.84048868
0.86928326	0.872887797
0.86690235	0.800498243
0.8811889	0.805609218
0.8835254	0.902689508
0.87370616	0.846412107
0.8760901	0.846412107
0.8709618	0.811530374
0.8735437	0.846412107
0.87122697	0.85132856
0.8693654	0.840921121
0.86612755	0.872887797
0.8680211	0.840921121
0.86263955	0.864613979
0.86074686	0.83877494
0.87341243	0.810585822
0.8759058	0.791821286
0.83745396	0.854420694
0.87922555	0.983050891
0.87260383	0.810585822
0.8734714	0.800819728
0.8753353	0.880685965
0.8787366	0.84048868
0.8704512	0.898687436
0.8586867	0.822428917
0.86784434	0.829531239
0.8822745	0.894043057
0.85752225	0.803672024
0.870062	0.791821286
0.87153536	0.810585822
0.87131304	0.903136384
0.86472875	0.792221486
0.8631214	0.942809042
0.87335783	0.806101731
0.8684172	0.840921121
0.86598444	0.860535611
0.8355218	0.779595484
0.8795906	0.864241621
0.870581	0.777817459
0.8763337	0.822624226
0.88516396	0.783847052
0.86908215	0.785674201
0.8780863	0.753334101
0.87875324	0.969847206
0.86922055	0.879303769
0.87179667	0.836245886
0.8673324	0.800498243
0.8775978	0.879303769
0.87329847	0.806101731
0.8739525	0.840126869
0.8492775	0.578790107
0.87581897	0.810585822
0.8791777	0.860984941
0.8757839	0.846412107
0.8695845	0.923999884
0.869867	0.83882275
0.8797704	0.879303769
0.8747381	0.921381563
0.8400452	0.854420694
0.8707068	0.903136384
0.86645913	0.846412107
0.8801484	0.853278726
0.8745774	0.919060703
0.8712922	0.835356541
0.884171	0.861341482
0.880146	0.900251689
0.8718754	0.815333883
0.8664861	0.639976391
0.87024605	0.942809042
0.8350745	0.785613414
0.8725027	0.797228234
0.8704769	0.799428302
0.8688556	0.903136384
0.87121844	0.811988648
0.8522231	0.775940185
0.8809729	0.887157119
0.8584608	0.747688562
0.8346292	0.854420694
0.87855846	0.870285269
0.854167	0.749930087
0.878629	0.879303769
0.86486006	0.909893015
0.8740478	0.909893015
0.8826845	0.930403659
0.87266016	0.774222001
0.87405086	0.909893015
0.8833423	1.034790411
0.8752776	0.888725422
0.8519812	0.814856386
0.8755834	0.847127926
0.87203485	0.807381092
0.87090707	0.810585822
0.8684808	0.840921121
0.8716887	0.85132856
0.87435114	0.909893015
0.88023275	0.894043057
0.8420159	0.597423551
0.88299084	0.650343622
0.8708081	0.853441038
0.87412953	0.909893015
0.8826573	0.930403659
0.8669242	0.800498243
0.88020396	0.810585822
0.8487083	0.590422494
0.87732303	0.807119403
0.8690536	0.942809042
0.8702578	0.785674201
0.8730811	0.864241621
0.8779842	0.846412107
0.87253946	0.840126869
0.87177813	0.836245886
0.8781161	0.925729168
0.86896133	0.840921121
0.87178075	0.836245886
0.8669079	0.800498243
0.87403893	0.909893015
0.87203646	0.827832329
0.87246984	0.84251773
0.87750596	0.854940189
0.8538011	0.877951373
0.8808569	0.83882275
0.8796437	0.879303769
0.8442384	0.52503737
0.8749425	0.84078866
0.86904716	0.769305989
0.84614044	0.576059965
0.878618	0.969847206
0.92322916	0.969847206
0.86859715	0.526917408
0.8950829	0.832814653
0.876315	0.83882275
0.87083894	0.903136384
0.84820485	0.687645127
0.8606347	0.758237959
0.871054	0.795624794
0.8700304	0.840921121
0.87439346	0.833678895
0.8662261	0.815333883
0.8783508	0.822624226
0.8743319	0.805471635
0.87368506	0.846412107
0.9126446	0.810585822
0.8754484	0.846412107
0.87297183	0.791821286
0.88242686	0.576059965
0.86457163	0.787871891
0.87500757	0.833678895
0.876238	0.79540718
0.86978495	0.835356541
0.8737655	0.845720766
0.8824388	0.810585822
0.8743931	0.800100973
0.9165325	0.807228095
0.878102	0.900251689
0.87845695	0.814856386
0.8633718	0.801717339
0.8748356	0.846412107
0.86887497	0.840921121
0.8810083	0.810585822
0.87588	0.879303769
0.8798281	0.752726574
0.8709636	0.853441038
0.8741153	0.811330461
0.8758284	0.846412107
0.87962294	0.879303769
0.87087965	0.85132856
0.8491612	0.814856386
0.87405086	0.909893015
0.871938	0.803231811
0.87670046	0.59507546
0.879315	0.864241621
0.8827723	0.930403659
0.8718377	0.836245886
0.875158	0.817415439
0.87088805	0.853441038
0.8689726	0.840921121
0.8752197	0.838326099
0.8720733	0.836245886
0.867273	0.82397822
0.8753883	0.888725422
0.86955804	0.898687436
0.8495097	0.576059965
0.87521356	0.888725422
0.8743627	0.800100973
0.874187	0.810585822
0.85096467	0.565685425
0.87374675	0.838052481
0.8706228	0.81733225
0.8746634	0.833678895
0.87947947	0.547393473
0.86643744	0.872887797
0.85948586	0.841793787
0.87782896	0.894043057
0.88414955	0.857555033
0.8661391	0.803231811
0.8771413	0.817218434
0.872444	0.838326099
0.8714107	0.836245886
0.8707996	0.82397822
0.87405086	0.909893015
0.8738581	0.83882275
0.8603126	0.758237959
0.8797499	1.005365092
0.8482238	0.578790107
0.879537	0.879303769
0.87362665	0.840126869
0.8743843	0.833678895
0.8831288	0.810585822
0.87441725	0.833678895
0.8718316	0.836245886
0.86092955	0.844599766
0.8807347	0.932988114
0.8972335	0.832814653
0.8713859	0.83882275
0.88372517	0.783847052
0.8663511	0.840921121
0.8567921	0.807228095
0.8785635	0.969847206
0.87093353	0.853441038
0.8769573	0.817218434
0.8775383	0.854940189
0.8829407	0.810585822
0.8755686	0.807119403
0.8720561	0.799428302
0.8492261	0.576059965
0.84568226	0.565685425
0.87223816	0.59507546
0.8439212	0.826882011
0.9060732	0.832814653
0.87314457	0.807381092
0.87328416	0.846412107
0.8676688	0.840921121
0.87318254	0.840126869
0.87167877	0.836245886
0.87277746	0.840126869
0.8744607	0.848528137
0.8609644	0.844599766
0.87855065	0.879303769
0.87200105	0.803231811
0.87447006	0.833678895
0.8792604	0.969847206
0.8704486	0.826398634
0.87781006	0.813348696
0.8719174	0.805200516
0.8805652	0.954199857
0.87272006	0.84078866
0.87634754	0.595775075
0.87866634	0.84085411
0.87070596	0.815333883
0.8652864	0.77369679
0.8776431	0.809478957
0.87449723	0.587800699
0.8713517	0.784214269
0.87440366	0.809322217
0.87370616	0.846412107
0.87984407	0.912167748
0.8742819	0.833678895
0.8637027	0.857200202
0.87498176	0.833678895
0.87332547	0.846412107
0.88165843	0.810585822
0.8682891	0.526917408
0.8488119	0.576059965
0.8674111	0.842982202
0.86761063	0.758203075
0.8680765	0.526917408
0.8736813	0.844992604
0.8710602	0.942809042
0.86830926	0.840921121
0.8865982	0.903136384
0.8736312	0.783710016
0.8670731	0.830765069
0.87364906	0.903136384
0.8688389	0.840921121
0.8821424	0.864613979
0.8725131	0.819401655
0.8756023	0.846412107
0.8454807	0.595089865
0.87901497	0.84048868
0.89858186	0.815429522
0.87409586	0.909893015
0.8744899	0.790092418
0.8665498	0.803231811
0.87702596	0.892095597
0.8904247	0.942809042
0.8751757	0.83882275
0.8804873	0.879303769
0.8494702	0.576059965
0.87208617	0.784214269
0.8816807	0.640178979
0.85505563	0.816879406
0.89761454	0.832814653
0.88955307	0.903136384
0.86429405	0.780255759
0.8962074	0.832814653
0.87433374	0.800100973
0.8741732	0.807470324
0.8638218	0.768175094
0.87381804	0.844992604
0.87964755	0.9636063
0.87241256	0.901945443
0.86748904	0.526917408
0.8783982	0.853278726
0.87184054	0.838702336
0.87368006	0.846412107
0.86944616	0.811988648
0.8789649	0.872887797
0.8698217	0.826398634
0.8735697	0.807381092
0.8735167	0.840921121
0.8674961	0.840921121
0.87856126	0.948643256
0.8709418	0.85132856
0.8785087	0.84048868
0.8555236	0.856627158
0.87476987	0.584890794
0.8796268	0.909893015
0.9014653	0.83882275
0.87947583	0.903136384
0.87066865	0.815333883
0.8766655	0.822624226
0.8796704	0.879303769
0.8692478	0.826398634
0.87085253	0.903136384
0.8708789	0.853441038
0.87394273	0.624174504
0.8707219	0.811988648
0.84117055	0.75187363
0.8947965	0.832814653
0.8709404	0.853441038
0.92110497	0.969847206
0.8689585	0.563066511
0.8644548	0.872887797
0.8896544	0.903136384
0.87158865	0.815333883
0.881291	0.800819728
0.8883733	0.923752263
0.8701291	0.82397822
0.87823933	0.969847206
0.84814566	0.578790107
0.8422208	0.66767198
0.8637399	0.860535611
0.8753765	0.888725422
0.8843103	0.783847052
0.8534524	0.740878264
0.8433695	0.749930087
0.8697233	0.853441038
0.87365824	0.769305989
0.8775682	0.854940189
0.8756057	0.846412107
0.8734177	0.80185909
0.8678064	0.840921121
0.8948627	0.832814653
0.8669349	0.83882275
0.8794987	0.879303769
0.8723765	0.795624794
0.86788505	0.634271748
0.87149334	0.807381092
0.8673218	0.832091757
0.87852144	0.809127163
0.8775179	0.879303769
0.87467486	0.833678895
0.8465786	0.892915862
0.87536484	0.888725422
0.8710008	0.85132856
0.87539786	0.801387685
0.8716719	0.836245886
0.874556	0.540568118
0.896305	0.942809042
0.8675765	0.842982202
0.87965506	0.879303769
0.87945426	0.547393473
0.8664487	0.799428302
0.87814194	0.930403659
0.8657306	0.840921121
0.8531108	0.882061036
0.87100005	0.85132856
0.87169033	0.803231811
0.88300884	0.810585822
0.87174946	0.815333883
0.8740834	0.590206063
0.8712049	0.85132856
0.85352296	0.856627158
0.83561	0.870915302
0.89464957	0.832814653
0.87692887	0.848528137
0.8775777	0.923498495
0.87740725	0.803610188
0.8786191	0.872887797
0.8752281	0.888725422
0.8807995	0.853278726
0.8939046	0.832814653
0.87178075	0.836245886
0.90728366	0.880685965
0.86666465	0.900251689
0.8736104	0.79527902
0.91916454	0.942809042
0.87526935	0.807119403
0.8398441	0.578790107
0.8704576	0.903136384
0.8735867	0.79527902
0.87401205	0.813526352
0.87932247	0.809127163
0.87596315	0.869516466
0.87364465	0.797228234
0.86706877	0.830765069
0.87017584	0.811988648
0.8663502	0.840921121
0.86104965	0.803672024
0.879428	0.889919754
0.8742234	0.840126869
0.87491226	0.799384216
0.8727113	0.903136384
0.8714705	0.83417597
0.8479332	0.807382425
0.83628625	0.774124639
0.8643409	0.787871891
0.88024455	0.894043057
0.8687651	0.810585822
0.87167615	0.903136384
0.873293	0.829856369
0.8752048	0.791821286
0.8701539	0.853441038
0.8787079	0.879303769
0.871406	0.807381092
0.8792079	0.925729168
0.88000757	0.840464639
0.8554893	0.856627158
0.88014895	0.887157119
0.868169	0.840921121
0.8885113	0.83882275
0.87468743	0.833678895
0.8821911	0.810585822
0.87839735	0.979618966
0.8709695	0.85132856
0.8542552	0.892933478
0.87527144	0.810585822
0.9211196	0.969847206
0.8758271	0.846412107
0.8553835	0.856627158
0.87062454	0.853441038
0.8752763	0.807869498
0.87342477	0.844992604
0.87520266	0.846412107
0.849379	0.565685425
0.8796646	0.9636063
0.8843188	0.783847052
0.85843664	0.810815776
0.86587197	0.864613979
0.8795578	0.828794925
0.8735915	0.812567695
0.864797	0.792221486
0.86912656	0.765785106
0.8827278	0.814856386
0.8839627	0.810585822
0.86929303	0.762158918
0.8894885	0.83882275
0.8659402	0.77369679
0.87651235	0.861683612
0.8755734	0.838326099
0.8746958	0.833678895
0.8830901	0.830765069
0.8758412	0.846412107
0.87189007	0.836245886
0.8739073	0.83882275
0.8753969	0.888725422
0.8478348	0.809289842
0.8706869	0.853441038
0.87946796	0.565685425
0.89551145	0.83882275
0.8698343	0.818394773
0.8651163	0.777322979
0.87209386	0.83417597
0.8512276	0.816905971
0.8739579	0.844992604
0.870454	0.942809042
0.8737917	0.807470324
0.88119245	0.84048868
0.8739445	0.840126869
0.8732645	0.80185909
0.8739831	0.909893015
0.8707963	0.903136384
0.8729589	0.840126869
0.8792641	0.979618966
0.9153991	0.942809042
0.8556278	0.856627158
0.8917565	0.897760145
0.86859107	0.796425532
0.8718533	0.83662634
0.8549229	0.844167126
0.8697399	0.840921121
0.8744269	0.846412107
0.8443671	0.563976406
0.8535335	0.856627158
0.86908805	0.903136384
0.86750895	0.840921121
0.8686424	0.840921121
0.8753712	0.888725422
0.85891634	0.747363621
0.86191845	0.857200202
0.87177837	0.781793854
0.88267285	0.930403659
0.8726373	0.797228234
0.879414	0.879303769
0.8736008	0.788363551
0.8783688	0.844873839
0.8538747	0.671875496
0.8708081	0.853441038
0.8788714	0.532377692
0.84518355	0.578790107
0.87328804	0.809637264
0.8814127	0.887157119
0.8737599	0.838702336
0.8808189	0.810585822
0.87343824	0.83417597
0.8750692	0.945251552
0.8747169	0.833678895
0.8665791	0.815333883
0.87679094	0.817218434
0.8738853	0.84251773
0.87582207	0.846412107
0.8523635	0.805564687
0.8740531	0.909893015
0.8796646	0.9636063
0.83696234	0.870915302
0.87406886	0.909893015
0.87804747	0.925729168
0.8688252	0.79828634
0.8541219	0.649936446
0.8768731	0.879303769
0.8752684	0.888725422
0.91926014	0.9636063
0.86989367	0.811988648
0.8747069	0.909893015
0.8631586	0.864613979
0.87967783	0.909893015
0.86942315	0.795072218
0.8501093	0.565685425
0.8705827	0.853441038
0.8605415	0.760585445
0.8808663	0.827040087
0.87388206	0.844992604
0.848226	0.576059965
0.87581027	0.846412107
0.8774914	0.854940189
0.87079585	0.815997801
0.85988355	0.841793787
0.8774392	0.879303769
0.8460338	0.576059965
0.8800733	0.83882275
0.8804179	0.809478957
0.8777678	0.864613979
0.8720684	0.83417597
0.87178075	0.836245886
0.8692002	0.840921121
0.8740291	0.84251773
0.8805411	0.84048868
0.87885493	0.809127163
0.8797466	0.903136384
0.86857283	0.826398634
0.8720752	0.827832329
0.8713052	0.788363551
0.8839896	1.034790411
0.8797589	0.853278726
0.8820198	0.814856386
0.8854706	0.906720657
0.86913145	0.900906418
0.8471436	0.89156942
0.8689018	0.832776606
0.8580752	0.803672024
0.91303337	0.810585822
0.87141645	0.807381092
0.8792651	0.853278726
0.87251145	0.797228234
0.87419033	0.603297488
0.86708903	0.820243866
0.8449978	0.827576825
0.87443584	0.833678895
0.8749209	1.034692974
0.87513983	0.945251552
0.87493974	0.813526352
0.89191383	0.83882275
0.87408197	0.840126869
0.87848973	0.84048868
0.8744793	0.526917408
0.8828604	0.783847052
0.8785666	0.84048868
0.871746	0.807381092
0.87111884	0.811988648
0.85532874	0.67830151
0.8794298	0.982092752
0.85486627	0.649936446
0.8737324	0.807381092
0.8700203	0.853441038
0.87387884	0.83417597
0.8482671	0.578790107
0.9215857	0.969847206
0.8705191	0.903136384
0.8678029	0.832091757
0.869086	0.807437186
0.88985527	0.84251773
0.8736561	0.853441038
0.87457883	0.919060703
0.8701172	0.828424121
0.86488086	0.781674405
0.8850126	0.783847052
0.87298495	0.796425532
0.8734698	0.846412107
0.8398897	0.746770411
0.87391025	0.83882275
0.8824201	0.864613979
0.87935895	0.879303769
0.87859225	0.969847206
0.90477145	0.748701298
0.8959383	0.832814653
0.87376153	0.840921121
0.87942946	0.900251689
0.8684606	0.825748859
0.8719722	0.83417597
0.8686186	0.879303769
0.87968004	0.811988648
0.88488746	0.822624226
0.8761149	0.846412107
0.8727049	0.807381092
0.87102187	0.85132856
0.87600076	0.846412107
0.8788236	0.532377692
0.87152433	0.79527902
0.8778692	0.853278726
0.8749556	0.810585822
0.8796198	0.892095597
0.86796844	0.840921121
0.8587106	0.822428917
0.86868364	0.810585822
0.8744365	0.797228234
0.8795592	0.879303769
0.8762518	0.647645529
0.8752524	0.817415439
0.86927706	0.785674201
0.85084754	0.578790107
0.8808175	0.810585822
0.8829402	0.756114182
0.8477304	0.820734345
0.8692428	0.898687436
0.88107115	0.810585822
0.87403136	0.844992604
0.8711368	0.840921121
0.8738807	0.909893015
0.87472856	0.921381563
0.8736043	0.844992604
0.88207537	0.9081798
0.84891	0.578790107
0.87002563	0.82397822
0.8556275	0.856627158
0.8743919	0.807470324
0.8795667	0.903136384
0.87573105	0.846412107
0.87812656	0.565685425
0.87553376	0.85132856
0.87896883	0.969847206
0.8616898	0.864613979
0.84710544	0.576059965
0.8792829	0.889919754
0.87902874	0.635761927
0.8787662	0.795889915
0.8778982	0.887157119
0.8691121	0.840921121
0.86849487	0.89156942
0.8432859	0.849845728
0.88270307	0.930403659
0.8810058	0.887157119
0.85255265	0.83882275
0.8813888	0.84048868
0.8689018	0.832776606
0.8745431	0.855564026
0.8763212	0.822624226
0.86813223	0.840921121
0.8648457	0.792221486
0.8736733	0.807381092
0.87634003	0.793762024
0.87757975	0.846412107
0.8804226	0.84048868
0.87947583	0.903136384
0.88207304	0.83882275
0.8378664	0.870915302
0.8452742	0.578790107
0.8669676	0.830765069
0.8830334	0.800819728
0.8783238	0.857555033
0.8798206	0.879303769
0.8819519	0.9081798
0.86066276	0.83877494
0.8687638	0.79828634
0.8757957	0.846412107
0.87014335	0.82397822
0.8661802	0.840921121
0.86464596	0.781674405
0.87392604	0.84251773
0.93014115	0.942809042
0.92639863	0.942809042
0.87262434	0.827472849
0.8787127	0.969847206
0.8461455	0.576059965
0.8789968	0.934760672
0.87077653	0.826398634
0.86441505	0.864613979
0.87961346	0.879303769
0.8663957	0.872887797
0.8754766	0.847127926
0.87582326	0.846412107
0.88174826	0.910072617
0.8798343	0.811330461
